5017501521 10272 0 0
5017501521 10274 0 0
5017501521 10271 0 0
5017501521 10273 0 0
5017501521 10273 0 0
5017501534 0 0 0
5017501534 0 0 0
5017501534 0 0 0
5017501534 0 0 0
5017501534 0 0 0
5017501547 0 0 0
5017501547 0 0 0
5017501547 0 0 0
5017501547 0 0 0
5017501547 0 0 0
5017501560 0 0 0
5017501560 0 0 0
5017501560 0 0 0
5017501560 0 0 0
5017501560 0 0 0
5017501573 0 0 0
5017501573 0 0 0
5017501573 0 0 0
5017501573 0 0 0
5017501573 0 0 0
5017501586 0 0 0
5017501586 0 0 0
5017501586 0 0 0
5017501586 0 0 0
5017501586 0 0 0
5017501599 0 0 0
5017501599 0 0 0
5017501599 0 0 0
5017501599 0 0 0
5017501599 0 0 0
5017501612 0 0 0
5017501612 0 0 0
5017501612 0 0 0
5017501612 0 0 0
5017501612 0 0 0
5017501625 0 0 0
5017501625 0 0 0
5017501625 0 0 0
5017501625 0 0 0
5017501625 0 0 0
5017501638 0 0 0
5017501638 0 0 0
5017501638 0 0 0
5017501638 0 0 0
5017501638 0 0 0
5017501651 0 0 0
5017501651 0 0 0
5017501651 0 0 0
5017501651 0 0 0
5017501651 0 0 0
5017501664 0 0 0
5017501664 0 0 0
5017501664 0 0 0
5017501664 0 0 0
5017501664 0 0 0
5017501677 0 0 0
5017501677 0 0 0
5017501677 0 0 0
5017501677 0 0 0
5017501677 0 0 0
5017501690 0 0 0
5017501690 0 0 0
5017501690 0 0 0
5017501690 0 0 0
5017501690 0 0 0
5017501703 0 0 0
5017501703 0 0 0
5017501703 0 0 0
5017501703 0 0 0
5017501703 0 0 0
5017501716 0 0 0
5017501716 0 0 0
5017501716 0 0 0
5017501716 0 0 0
5017501716 0 0 0
5017501729 0 0 0
5017501729 0 0 0
5017501729 0 0 0
5017501729 0 0 0
5017501729 0 0 0
5017501742 0 0 0
5017501742 0 0 0
5017501742 0 0 0
5017501742 0 0 0
5017501742 0 0 0
5017501755 0 0 0
5017501755 0 0 0
5017501755 0 0 0
5017501755 0 0 0
5017501755 0 0 0
5017501768 0 0 0
5017501768 0 0 0
5017501768 0 0 0
5017501768 3419 0 15
5017501768 8882 0 38
5017501781 8882 0 38
5017501781 8882 0 30
5017501781 8882 0 30
5017501781 5463 0 15
5017501781 0 0 0
5017501794 0 0 0
5017501794 0 0 0
5017501794 0 0 0
5017501794 0 0 0
5017501794 0 0 0
5017501807 0 0 0
5017501807 0 0 0
5017501807 0 0 0
5017501807 0 0 0
5017501807 0 0 0
5017501820 0 0 0
5017501820 0 0 0
5017501820 0 0 0
5017501820 0 0 0
5017501820 0 0 0
5017501833 0 0 0
5017501833 0 0 0
5017501833 0 0 0
5017501833 0 0 0
5017501833 0 0 0
5017501846 0 0 0
5017501846 0 0 0
5017501846 0 0 0
5017501846 0 0 0
5017501846 0 0 0
5017501859 0 0 0
5017501859 0 0 0
5017501859 0 0 0
5017501859 0 0 0
5017501859 0 0 0
5017501872 0 0 0
5017501872 0 0 0
5017501872 0 0 0
5017501872 0 0 0
5017501872 0 0 0
5017501885 0 0 0
5017501885 0 0 0
5017501885 0 0 0
5017501885 0 0 0
5017501885 0 0 0
5017501898 0 0 0
5017501898 0 0 0
5017501898 0 0 0
5017501898 0 0 0
5017501898 0 0 0
5017501911 0 0 0
5017501911 0 0 0
5017501911 0 0 0
5017501911 0 0 0
5017501911 0 0 0
5017501924 0 0 0
5017501924 0 0 0
5017501924 0 0 0
5017501924 0 0 0
5017501924 0 0 0
5017501937 0 0 0
5017501937 0 0 0
5017501937 0 0 0
5017501937 0 0 0
5017501937 0 0 0
5017501950 0 0 0
5017501950 0 0 0
5017501950 0 0 0
5017501950 0 0 0
5017501950 0 0 0
5017501963 0 0 0
5017501963 0 0 0
5017501963 0 0 0
5017501963 0 0 0
5017501963 0 0 0
5017501976 0 0 0
5017501976 0 0 0
5017501976 0 0 0
5017501976 0 0 0
5017501976 0 0 0
5017501989 0 0 0
5017501989 0 0 0
5017501989 0 0 0
5017501989 0 0 0
5017501989 0 0 0
5017502002 0 0 0
5017502002 0 0 0
5017502002 0 0 0
5017502002 0 0 0
5017502002 0 0 0
5017502015 0 0 0
5017502015 0 0 0
5017502015 0 0 0
5017502015 0 0 0
5017502015 0 0 0
5017502028 8242 0 30
5017502028 7458 0 38
5017502028 7180 0 30
5017502028 8242 0 30
5017502028 8242 0 23
5017502041 0 0 0
5017502041 784 0 0
5017502041 1062 0 0
5017502041 0 0 0
5017502041 0 0 0
5017502054 0 0 0
5017502054 0 0 0
5017502054 0 0 0
5017502054 0 0 0
5017502054 0 0 0
5017502067 0 0 0
5017502067 0 0 0
5017502067 0 0 0
5017502067 0 0 0
5017502067 0 0 0
5017502080 0 0 0
5017502080 0 0 0
5017502080 0 0 0
5017502080 0 0 0
5017502080 0 0 0
5017502093 0 0 0
5017502093 0 0 0
5017502093 0 0 0
5017502093 0 0 0
5017502093 0 0 0
5017502106 0 0 0
5017502106 0 0 0
5017502106 0 0 0
5017502106 0 0 0
5017502106 0 0 0
5017502119 0 0 0
5017502119 0 0 0
5017502119 0 0 0
5017502119 0 0 0
5017502119 0 0 0
5017502132 0 0 0
5017502132 0 0 0
5017502132 0 0 0
5017502132 0 0 0
5017502132 0 0 0
5017502145 0 0 0
5017502145 0 0 0
5017502145 0 0 0
5017502145 0 0 0
5017502145 0 0 0
5017502158 0 0 0
5017502158 0 0 0
5017502158 0 0 0
5017502158 0 0 0
5017502158 0 0 0
5017502171 0 0 0
5017502171 0 0 0
5017502171 0 0 0
5017502171 0 0 0
5017502171 0 0 0
5017502184 0 0 0
5017502184 0 0 0
5017502184 0 0 0
5017502184 0 0 0
5017502184 0 0 0
5017502197 0 0 0
5017502197 0 0 0
5017502197 0 0 0
5017502197 0 0 0
5017502197 0 0 0
5017502210 0 0 0
5017502210 0 0 0
5017502210 0 0 0
5017502210 0 0 0
5017502210 0 0 0
5017502223 0 0 0
5017502223 0 0 0
5017502223 0 0 0
5017502223 0 0 0
5017502223 0 0 0
5017502236 0 0 0
5017502236 0 0 0
5017502236 0 0 0
5017502236 0 0 0
5017502236 0 0 0
5017502249 0 0 0
5017502249 0 0 0
5017502249 0 0 0
5017502249 0 0 0
5017502249 0 0 0
5017502262 0 0 0
5017502262 0 0 0
5017502262 0 0 0
5017502262 0 0 0
5017502262 0 0 0
5017502275 0 0 0
5017502275 0 0 0
5017502275 0 0 0
5017502275 1227 0 7
5017502275 7658 0 30
5017502288 7658 0 30
5017502288 7658 0 23
5017502288 7658 0 30
5017502288 6431 0 15
5017502288 0 0 0
5017502301 0 0 0
5017502301 0 0 0
5017502301 0 0 0
5017502301 0 0 0
5017502301 0 0 0
5017502314 0 0 0
5017502314 0 0 0
5017502314 0 0 0
5017502314 0 0 0
5017502314 0 0 0
5017502328 0 0 0
5017502328 0 0 0
5017502328 0 0 0
5017502328 0 0 0
5017502328 0 0 0
5017502341 0 0 0
5017502341 0 0 0
5017502341 0 0 0
5017502341 0 0 0
5017502341 0 0 0
5017502354 0 0 0
5017502354 0 0 0
5017502354 0 0 0
5017502354 0 0 0
5017502354 0 0 0
5017502367 0 0 0
5017502367 0 0 0
5017502367 0 0 0
5017502367 0 0 0
5017502367 0 0 0
5017502380 0 0 0
5017502380 0 0 0
5017502380 0 0 0
5017502380 0 0 0
5017502380 0 0 0
5017502393 0 0 0
5017502393 0 0 0
5017502393 0 0 0
5017502393 0 0 0
5017502393 0 0 0
5017502406 0 0 0
5017502406 0 0 0
5017502406 0 0 0
5017502406 0 0 0
5017502406 0 0 0
5017502419 0 0 0
5017502419 0 0 0
5017502419 0 0 0
5017502419 0 0 0
5017502419 0 0 0
5017502432 0 0 0
5017502432 0 0 0
5017502432 0 0 0
5017502432 0 0 0
5017502432 0 0 0
5017502445 0 0 0
5017502445 0 0 0
5017502445 0 0 0
5017502445 0 0 0
5017502445 0 0 0
5017502458 0 0 0
5017502458 0 0 0
5017502458 0 0 0
5017502458 0 0 0
5017502458 0 0 0
5017502471 0 0 0
5017502471 0 0 0
5017502471 0 0 0
5017502471 0 0 0
5017502471 0 0 0
5017502484 0 0 0
5017502484 0 0 0
5017502484 0 0 0
5017502484 0 0 0
5017502484 0 0 0
5017502497 0 0 0
5017502497 0 0 0
5017502497 0 0 0
5017502497 0 0 0
5017502497 0 0 0
5017502510 0 0 0
5017502510 0 0 0
5017502510 0 0 0
5017502510 0 0 0
5017502510 0 0 0
5017502523 0 0 0
5017502523 0 0 0
5017502523 0 0 0
5017502523 0 0 0
5017502523 0 0 0
5017502536 7158 0 23
5017502536 7158 0 30
5017502536 7043 0 30
5017502536 7158 0 30
5017502536 7158 0 23
5017502549 0 0 0
5017502549 0 0 0
5017502549 115 0 0
5017502549 0 0 0
5017502549 0 0 0
5017502562 0 0 0
5017502562 0 0 0
5017502562 0 0 0
5017502562 0 0 0
5017502562 0 0 0
5017502575 0 0 0
5017502575 0 0 0
5017502575 0 0 0
5017502575 0 0 0
5017502575 0 0 0
5017502588 0 0 0
5017502588 0 0 0
5017502588 0 0 0
5017502588 0 0 0
5017502588 0 0 0
5017502601 0 0 0
5017502601 0 0 0
5017502601 0 0 0
5017502601 0 0 0
5017502601 0 0 0
5017502614 0 0 0
5017502614 0 0 0
5017502614 0 0 0
5017502614 0 0 0
5017502614 0 0 0
5017502627 0 0 0
5017502627 0 0 0
5017502627 0 0 0
5017502627 0 0 0
5017502627 0 0 0
5017502640 0 0 0
5017502640 0 0 0
5017502640 0 0 0
5017502640 0 0 0
5017502640 0 0 0
5017502653 0 0 0
5017502653 0 0 0
5017502653 0 0 0
5017502653 0 0 0
5017502653 0 0 0
5017502666 0 0 0
5017502666 0 0 0
5017502666 0 0 0
5017502666 0 0 0
5017502666 0 0 0
5017502679 0 0 0
5017502679 0 0 0
5017502679 0 0 0
5017502679 0 0 0
5017502679 0 0 0
5017502692 0 0 0
5017502692 0 0 0
5017502692 0 0 0
5017502692 0 0 0
5017502692 0 0 0
5017502705 0 0 0
5017502705 0 0 0
5017502705 0 0 0
5017502705 0 0 0
5017502705 0 0 0
5017502718 0 0 0
5017502718 0 0 0
5017502718 0 0 0
5017502718 0 0 0
5017502718 0 0 0
5017502731 0 0 0
5017502731 0 0 0
5017502731 0 0 0
5017502731 0 0 0
5017502731 0 0 0
5017502744 0 0 0
5017502744 0 0 0
5017502744 0 0 0
5017502744 0 0 0
5017502744 0 0 0
5017502757 0 0 0
5017502757 0 0 0
5017502757 0 0 0
5017502757 0 0 0
5017502757 0 0 0
5017502770 0 0 0
5017502770 0 0 0
5017502770 0 0 0
5017502770 0 0 0
5017502770 0 0 0
5017502783 0 0 0
5017502783 0 0 0
5017502783 0 0 0
5017502783 3448 0 15
5017502783 6517 0 23
5017502796 6517 0 30
5017502796 6517 0 23
5017502796 6517 0 23
5017502796 3069 0 7
5017502796 0 0 0
5017502809 0 0 0
5017502809 0 0 0
5017502809 0 0 0
5017502809 0 0 0
5017502809 0 0 0
5017502822 0 0 0
5017502822 0 0 0
5017502822 0 0 0
5017502822 0 0 0
5017502822 0 0 0
5017502835 0 0 0
5017502835 0 0 0
5017502835 0 0 0
5017502835 0 0 0
5017502835 0 0 0
5017502848 0 0 0
5017502848 0 0 0
5017502848 0 0 0
5017502848 0 0 0
5017502848 0 0 0
5017502861 0 0 0
5017502861 0 0 0
5017502861 0 0 0
5017502861 0 0 0
5017502861 0 0 0
5017502874 0 0 0
5017502874 0 0 0
5017502874 0 0 0
5017502874 0 0 0
5017502874 0 0 0
5017502887 0 0 0
5017502887 0 0 0
5017502887 0 0 0
5017502887 0 0 0
5017502887 0 0 0
5017502900 0 0 0
5017502900 0 0 0
5017502900 0 0 0
5017502900 0 0 0
5017502900 0 0 0
5017502913 0 0 0
5017502913 0 0 0
5017502913 0 0 0
5017502913 0 0 0
5017502913 0 0 0
5017502926 0 0 0
5017502926 0 0 0
5017502926 0 0 0
5017502926 0 0 0
5017502926 0 0 0
5017502939 0 0 0
5017502939 0 0 0
5017502939 0 0 0
5017502939 0 0 0
5017502939 0 0 0
5017502952 0 0 0
5017502952 0 0 0
5017502952 0 0 0
5017502952 0 0 0
5017502952 0 0 0
5017502965 0 0 0
5017502965 0 0 0
5017502965 0 0 0
5017502965 0 0 0
5017502965 0 0 0
5017502978 0 0 0
5017502978 0 0 0
5017502978 0 0 0
5017502978 0 0 0
5017502978 0 0 0
5017502991 0 0 0
5017502991 0 0 0
5017502991 0 0 0
5017502991 0 0 0
5017502991 0 0 0
5017503004 0 0 0
5017503004 0 0 0
5017503004 0 0 0
5017503004 0 0 0
5017503004 0 0 0
5017503017 0 0 0
5017503017 0 0 0
5017503017 0 0 0
5017503017 0 0 0
5017503017 0 0 0
5017503030 0 0 0
5017503030 0 0 0
5017503030 0 0 0
5017503030 0 0 0
5017503030 0 0 0
5017503043 6054 0 30
5017503043 6054 0 30
5017503043 6054 0 15
5017503043 6054 0 23
5017503043 6054 0 23
5017503056 0 0 0
5017503056 0 0 0
5017503056 0 0 0
5017503056 0 0 0
5017503056 0 0 0
5017503069 0 0 0
5017503069 0 0 0
5017503069 0 0 0
5017503069 0 0 0
5017503069 0 0 0
5017503082 0 0 0
5017503082 0 0 0
5017503082 0 0 0
5017503082 0 0 0
5017503082 0 0 0
5017503095 0 0 0
5017503095 0 0 0
5017503095 0 0 0
5017503095 0 0 0
5017503095 0 0 0
5017503108 0 0 0
5017503108 0 0 0
5017503108 0 0 0
5017503108 0 0 0
5017503108 0 0 0
5017503121 0 0 0
5017503121 0 0 0
5017503121 0 0 0
5017503121 0 0 0
5017503121 0 0 0
5017503134 0 0 0
5017503134 0 0 0
5017503134 0 0 0
5017503134 0 0 0
5017503134 0 0 0
5017503147 0 0 0
5017503147 0 0 0
5017503147 0 0 0
5017503147 0 0 0
5017503147 0 0 0
5017503160 0 0 0
5017503160 0 0 0
5017503160 0 0 0
5017503160 0 0 0
5017503160 0 0 0
5017503173 0 0 0
5017503173 0 0 0
5017503173 0 0 0
5017503173 0 0 0
5017503173 0 0 0
5017503186 0 0 0
5017503186 0 0 0
5017503186 0 0 0
5017503186 0 0 0
5017503186 0 0 0
5017503199 0 0 0
5017503199 0 0 0
5017503199 0 0 0
5017503199 0 0 0
5017503199 0 0 0
5017503212 0 0 0
5017503212 0 0 0
5017503212 0 0 0
5017503212 0 0 0
5017503212 0 0 0
5017503225 0 0 0
5017503225 0 0 0
5017503225 0 0 0
5017503225 0 0 0
5017503225 0 0 0
5017503238 0 0 0
5017503238 0 0 0
5017503238 0 0 0
5017503238 0 0 0
5017503238 0 0 0
5017503251 0 0 0
5017503251 0 0 0
5017503251 0 0 0
5017503251 0 0 0
5017503251 0 0 0
5017503264 0 0 0
5017503264 0 0 0
5017503264 0 0 0
5017503264 0 0 0
5017503264 0 0 0
5017503277 0 0 0
5017503277 0 0 0
5017503277 0 0 0
5017503277 0 0 0
5017503277 0 0 0
5017503290 0 0 0
5017503290 0 0 0
5017503290 0 0 0
5017503290 5570 0 23
5017503290 5570 0 23
5017503303 5570 0 30
5017503303 5570 0 23
5017503303 5570 0 38
5017503303 0 0 0
5017503303 0 0 0
5017503316 0 0 0
5017503316 0 0 0
5017503316 0 0 0
5017503316 0 0 0
5017503316 0 0 0
5017503329 0 0 0
5017503329 0 0 0
5017503329 0 0 0
5017503329 0 0 0
5017503329 0 0 0
5017503342 0 0 0
5017503342 0 0 0
5017503342 0 0 0
5017503342 0 0 0
5017503342 0 0 0
5017503355 0 0 0
5017503355 0 0 0
5017503355 0 0 0
5017503355 0 0 0
5017503355 0 0 0
5017503368 0 0 0
5017503368 0 0 0
5017503368 0 0 0
5017503368 0 0 0
5017503368 0 0 0
5017503381 0 0 0
5017503381 0 0 0
5017503381 0 0 0
5017503381 0 0 0
5017503381 0 0 0
5017503394 0 0 0
5017503394 0 0 0
5017503394 0 0 0
5017503394 0 0 0
5017503394 0 0 0
5017503407 0 0 0
5017503407 0 0 0
5017503407 0 0 0
5017503407 0 0 0
5017503407 0 0 0
5017503420 0 0 0
5017503420 0 0 0
5017503420 0 0 0
5017503420 0 0 0
5017503420 0 0 0
5017503433 0 0 0
5017503433 0 0 0
5017503433 0 0 0
5017503433 0 0 0
5017503433 0 0 0
5017503446 0 0 0
5017503446 0 0 0
5017503446 0 0 0
5017503446 0 0 0
5017503446 0 0 0
5017503459 0 0 0
5017503459 0 0 0
5017503459 0 0 0
5017503459 0 0 0
5017503459 0 0 0
5017503472 0 0 0
5017503472 0 0 0
5017503472 0 0 0
5017503472 0 0 0
5017503472 0 0 0
5017503485 0 0 0
5017503485 0 0 0
5017503485 0 0 0
5017503485 0 0 0
5017503485 0 0 0
5017503498 0 0 0
5017503498 0 0 0
5017503498 0 0 0
5017503498 0 0 0
5017503498 0 0 0
5017503511 0 0 0
5017503511 0 0 0
5017503511 0 0 0
5017503511 0 0 0
5017503511 0 0 0
5017503524 0 0 0
5017503524 0 0 0
5017503524 0 0 0
5017503524 0 0 0
5017503524 0 0 0
5017503537 0 0 0
5017503537 0 0 0
5017503537 0 0 0
5017503537 0 0 0
5017503537 1053 0 7
5017503550 5169 0 23
5017503550 5169 0 23
5017503550 5169 0 23
5017503550 5169 0 15
5017503550 4116 0 7
5017503563 0 0 0
5017503563 0 0 0
5017503563 0 0 0
5017503563 0 0 0
5017503563 0 0 0
5017503576 0 0 0
5017503576 0 0 0
5017503576 0 0 0
5017503576 0 0 0
5017503576 0 0 0
5017503589 0 0 0
5017503589 0 0 0
5017503589 0 0 0
5017503589 0 0 0
5017503589 0 0 0
5017503602 0 0 0
5017503602 0 0 0
5017503602 0 0 0
5017503602 0 0 0
5017503602 0 0 0
5017503615 0 0 0
5017503615 0 0 0
5017503615 0 0 0
5017503615 0 0 0
5017503615 0 0 0
5017503628 0 0 0
5017503628 0 0 0
5017503628 0 0 0
5017503628 0 0 0
5017503628 0 0 0
5017503641 0 0 0
5017503641 0 0 0
5017503641 0 0 0
5017503641 0 0 0
5017503641 0 0 0
5017503654 0 0 0
5017503654 0 0 0
5017503654 0 0 0
5017503654 0 0 0
5017503654 0 0 0
5017503667 0 0 0
5017503667 0 0 0
5017503667 0 0 0
5017503667 0 0 0
5017503667 0 0 0
5017503680 0 0 0
5017503680 0 0 0
5017503680 0 0 0
5017503680 0 0 0
5017503680 0 0 0
5017503693 0 0 0
5017503693 0 0 0
5017503693 0 0 0
5017503693 0 0 0
5017503693 0 0 0
5017503706 0 0 0
5017503706 0 0 0
5017503706 0 0 0
5017503706 0 0 0
5017503706 0 0 0
5017503719 0 0 0
5017503719 0 0 0
5017503719 0 0 0
5017503719 0 0 0
5017503719 0 0 0
5017503732 0 0 0
5017503732 0 0 0
5017503732 0 0 0
5017503732 0 0 0
5017503732 0 0 0
5017503745 0 0 0
5017503745 0 0 0
5017503745 0 0 0
5017503745 0 0 0
5017503745 0 0 0
5017503758 0 0 0
5017503758 0 0 0
5017503758 0 0 0
5017503758 0 0 0
5017503758 0 0 0
5017503771 0 0 0
5017503771 0 0 0
5017503771 0 0 0
5017503771 0 0 0
5017503771 0 0 0
5017503784 0 0 0
5017503784 0 0 0
5017503784 0 0 0
5017503784 0 0 0
5017503784 0 0 0
5017503797 0 0 0
5017503797 0 0 0
5017503797 0 0 0
5017503797 4856 0 15
5017503797 4856 0 15
5017503810 4856 0 15
5017503810 4856 0 23
5017503810 4856 0 23
5017503810 0 0 0
5017503810 0 0 0
5017503823 0 0 0
5017503823 0 0 0
5017503823 0 0 0
5017503823 0 0 0
5017503823 0 0 0
5017503836 0 0 0
5017503836 0 0 0
5017503836 0 0 0
5017503836 0 0 0
5017503836 0 0 0
5017503849 0 0 0
5017503849 0 0 0
5017503849 0 0 0
5017503849 0 0 0
5017503849 0 0 0
5017503862 0 0 0
5017503862 0 0 0
5017503862 0 0 0
5017503862 0 0 0
5017503862 0 0 0
5017503875 0 0 0
5017503875 0 0 0
5017503875 0 0 0
5017503875 0 0 0
5017503875 0 0 0
5017503888 0 0 0
5017503888 0 0 0
5017503888 0 0 0
5017503888 0 0 0
5017503888 0 0 0
5017503901 0 0 0
5017503901 0 0 0
5017503901 0 0 0
5017503901 0 0 0
5017503901 0 0 0
5017503914 0 0 0
5017503914 0 0 0
5017503914 0 0 0
5017503914 0 0 0
5017503914 0 0 0
5017503927 0 0 0
5017503927 0 0 0
5017503927 0 0 0
5017503927 0 0 0
5017503927 0 0 0
5017503940 0 0 0
5017503940 0 0 0
5017503940 0 0 0
5017503940 0 0 0
5017503940 0 0 0
5017503953 0 0 0
5017503953 0 0 0
5017503953 0 0 0
5017503953 0 0 0
5017503953 0 0 0
5017503966 0 0 0
5017503966 0 0 0
5017503966 0 0 0
5017503966 0 0 0
5017503966 0 0 0
5017503979 0 0 0
5017503979 0 0 0
5017503979 0 0 0
5017503979 0 0 0
5017503979 0 0 0
5017503992 0 0 0
5017503992 0 0 0
5017503992 0 0 0
5017503992 0 0 0
5017503992 0 0 0
5017504005 0 0 0
5017504005 0 0 0
5017504005 0 0 0
5017504005 0 0 0
5017504005 0 0 0
5017504018 0 0 0
5017504018 0 0 0
5017504018 0 0 0
5017504018 0 0 0
5017504018 0 0 0
5017504031 0 0 0
5017504031 0 0 0
5017504031 0 0 0
5017504031 0 0 0
5017504031 0 0 0
5017504044 0 0 0
5017504044 0 0 0
5017504044 0 0 0
5017504044 0 0 0
5017504044 4449 0 15
5017504057 4449 0 23
5017504057 4449 0 15
5017504057 4449 0 23
5017504057 4449 0 7
5017504057 0 0 0
5017504070 0 0 0
5017504070 0 0 0
5017504070 0 0 0
5017504070 0 0 0
5017504070 0 0 0
5017504083 0 0 0
5017504083 0 0 0
5017504083 0 0 0
5017504083 0 0 0
5017504083 0 0 0
5017504096 0 0 0
5017504096 0 0 0
5017504096 0 0 0
5017504096 0 0 0
5017504096 0 0 0
5017504109 0 0 0
5017504109 0 0 0
5017504109 0 0 0
5017504109 0 0 0
5017504109 0 0 0
5017504122 0 0 0
5017504122 0 0 0
5017504122 0 0 0
5017504122 0 0 0
5017504122 0 0 0
5017504135 0 0 0
5017504135 0 0 0
5017504135 0 0 0
5017504135 0 0 0
5017504135 0 0 0
5017504148 0 0 0
5017504148 0 0 0
5017504148 0 0 0
5017504148 0 0 0
5017504148 0 0 0
5017504161 0 0 0
5017504161 0 0 0
5017504161 0 0 0
5017504161 0 0 0
5017504161 0 0 0
5017504174 0 0 0
5017504174 0 0 0
5017504174 0 0 0
5017504174 0 0 0
5017504174 0 0 0
5017504187 0 0 0
5017504187 0 0 0
5017504187 0 0 0
5017504187 0 0 0
5017504187 0 0 0
5017504200 0 0 0
5017504200 0 0 0
5017504200 0 0 0
5017504200 0 0 0
5017504200 0 0 0
5017504213 0 0 0
5017504213 0 0 0
5017504213 0 0 0
5017504213 0 0 0
5017504213 0 0 0
5017504226 0 0 0
5017504226 0 0 0
5017504226 0 0 0
5017504226 0 0 0
5017504226 0 0 0
5017504239 0 0 0
5017504239 0 0 0
5017504239 0 0 0
5017504239 0 0 0
5017504239 0 0 0
5017504252 0 0 0
5017504252 0 0 0
5017504252 0 0 0
5017504252 0 0 0
5017504252 0 0 0
5017504265 0 0 0
5017504265 0 0 0
5017504265 0 0 0
5017504265 0 0 0
5017504265 0 0 0
5017504278 0 0 0
5017504278 0 0 0
5017504278 0 0 0
5017504278 0 0 0
5017504278 0 0 0
5017504291 0 0 0
5017504291 0 0 0
5017504291 0 0 0
5017504291 0 0 0
5017504291 0 0 0
5017504304 0 0 0
5017504304 954 0 7
5017504304 0 0 0
5017504304 4170 0 23
5017504304 4170 0 15
5017504317 4170 0 7
5017504317 3216 0 7
5017504317 4170 0 15
5017504317 0 0 0
5017504317 0 0 0
5017504330 0 0 0
5017504330 0 0 0
5017504330 0 0 0
5017504330 0 0 0
5017504330 0 0 0
5017504343 0 0 0
5017504343 0 0 0
5017504343 0 0 0
5017504343 0 0 0
5017504343 0 0 0
5017504356 0 0 0
5017504356 0 0 0
5017504356 0 0 0
5017504356 0 0 0
5017504356 0 0 0
5017504369 0 0 0
5017504369 0 0 0
5017504369 0 0 0
5017504369 0 0 0
5017504369 0 0 0
5017504382 0 0 0
5017504382 0 0 0
5017504382 0 0 0
5017504382 0 0 0
5017504382 0 0 0
5017504395 0 0 0
5017504395 0 0 0
5017504395 0 0 0
5017504395 0 0 0
5017504395 0 0 0
5017504408 0 0 0
5017504408 0 0 0
5017504408 0 0 0
5017504408 0 0 0
5017504408 0 0 0
5017504421 0 0 0
5017504421 0 0 0
5017504421 0 0 0
5017504421 0 0 0
5017504421 0 0 0
5017504434 0 0 0
5017504434 0 0 0
5017504434 0 0 0
5017504434 0 0 0
5017504434 0 0 0
5017504447 0 0 0
5017504447 0 0 0
5017504447 0 0 0
5017504447 0 0 0
5017504447 0 0 0
5017504460 0 0 0
5017504460 0 0 0
5017504460 0 0 0
5017504460 0 0 0
5017504460 0 0 0
5017504473 0 0 0
5017504473 0 0 0
5017504473 0 0 0
5017504473 0 0 0
5017504473 0 0 0
5017504486 0 0 0
5017504486 0 0 0
5017504486 0 0 0
5017504486 0 0 0
5017504486 0 0 0
5017504499 0 0 0
5017504499 0 0 0
5017504499 0 0 0
5017504499 0 0 0
5017504499 0 0 0
5017504512 0 0 0
5017504512 0 0 0
5017504512 0 0 0
5017504512 0 0 0
5017504512 0 0 0
5017504525 0 0 0
5017504525 0 0 0
5017504525 0 0 0
5017504525 0 0 0
5017504525 0 0 0
5017504538 0 0 0
5017504538 0 0 0
5017504538 0 0 0
5017504538 0 0 0
5017504538 0 0 0
5017504551 0 0 0
5017504551 0 0 0
5017504551 0 0 0
5017504551 3798 0 7
5017504551 3798 0 15
5017504564 3798 0 15
5017504564 3798 0 15
5017504564 3798 0 15
5017504564 0 0 0
5017504564 0 0 0
5017504577 0 0 0
5017504577 0 0 0
5017504577 0 0 0
5017504577 0 0 0
5017504577 0 0 0
5017504590 0 0 0
5017504590 0 0 0
5017504590 0 0 0
5017504590 0 0 0
5017504590 0 0 0
5017504603 0 0 0
5017504603 0 0 0
5017504603 0 0 0
5017504603 0 0 0
5017504603 0 0 0
5017504616 0 0 0
5017504616 0 0 0
5017504616 0 0 0
5017504616 0 0 0
5017504616 0 0 0
5017504629 0 0 0
5017504629 0 0 0
5017504629 0 0 0
5017504629 0 0 0
5017504629 0 0 0
5017504642 0 0 0
5017504642 0 0 0
5017504642 0 0 0
5017504642 0 0 0
5017504642 0 0 0
5017504655 0 0 0
5017504655 0 0 0
5017504655 0 0 0
5017504655 0 0 0
5017504655 0 0 0
5017504668 0 0 0
5017504668 0 0 0
5017504668 0 0 0
5017504668 0 0 0
5017504668 0 0 0
5017504681 0 0 0
5017504681 0 0 0
5017504681 0 0 0
5017504681 0 0 0
5017504681 0 0 0
5017504694 0 0 0
5017504694 0 0 0
5017504694 0 0 0
5017504694 0 0 0
5017504694 0 0 0
5017504707 0 0 0
5017504707 0 0 0
5017504707 0 0 0
5017504707 0 0 0
5017504707 0 0 0
5017504720 0 0 0
5017504720 0 0 0
5017504720 0 0 0
5017504720 0 0 0
5017504720 0 0 0
5017504733 0 0 0
5017504733 0 0 0
5017504733 0 0 0
5017504733 0 0 0
5017504733 0 0 0
5017504746 0 0 0
5017504746 0 0 0
5017504746 0 0 0
5017504746 0 0 0
5017504746 0 0 0
5017504759 0 0 0
5017504759 0 0 0
5017504759 0 0 0
5017504759 0 0 0
5017504759 0 0 0
5017504772 0 0 0
5017504772 0 0 0
5017504772 0 0 0
5017504772 0 0 0
5017504772 0 0 0
5017504785 0 0 0
5017504785 0 0 0
5017504785 0 0 0
5017504785 0 0 0
5017504785 0 0 0
5017504798 0 0 0
5017504798 0 0 0
5017504798 0 0 0
5017504798 0 0 0
5017504798 3024 0 15
5017504811 3443 0 23
5017504811 3582 0 15
5017504811 3426 0 15
5017504811 3582 0 15
5017504811 558 0 0
5017504824 139 0 0
5017504824 0 0 0
5017504824 156 0 0
5017504824 0 0 0
5017504824 0 0 0
5017504837 0 0 0
5017504837 0 0 0
5017504837 0 0 0
5017504837 0 0 0
5017504837 0 0 0
5017504850 0 0 0
5017504850 0 0 0
5017504850 0 0 0
5017504850 0 0 0
5017504850 0 0 0
5017504863 0 0 0
5017504863 0 0 0
5017504863 0 0 0
5017504863 0 0 0
5017504863 0 0 0
5017504876 0 0 0
5017504876 0 0 0
5017504876 0 0 0
5017504876 0 0 0
5017504876 0 0 0
5017504889 0 0 0
5017504889 0 0 0
5017504889 0 0 0
5017504889 0 0 0
5017504889 0 0 0
5017504902 0 0 0
5017504902 0 0 0
5017504902 0 0 0
5017504902 0 0 0
5017504902 0 0 0
5017504915 0 0 0
5017504915 0 0 0
5017504915 0 0 0
5017504915 0 0 0
5017504915 0 0 0
5017504928 0 0 0
5017504928 0 0 0
5017504928 0 0 0
5017504928 0 0 0
5017504928 0 0 0
5017504941 0 0 0
5017504941 0 0 0
5017504941 0 0 0
5017504941 0 0 0
5017504941 0 0 0
5017504954 0 0 0
5017504954 0 0 0
5017504954 0 0 0
5017504954 0 0 0
5017504954 0 0 0
5017504967 0 0 0
5017504967 0 0 0
5017504967 0 0 0
5017504967 0 0 0
5017504967 0 0 0
5017504980 0 0 0
5017504980 0 0 0
5017504980 0 0 0
5017504980 0 0 0
5017504980 0 0 0
5017504993 0 0 0
5017504993 0 0 0
5017504993 0 0 0
5017504993 0 0 0
5017504993 0 0 0
5017505006 0 0 0
5017505006 0 0 0
5017505006 0 0 0
5017505006 0 0 0
5017505006 0 0 0
5017505019 0 0 0
5017505019 0 0 0
5017505019 0 0 0
5017505019 0 0 0
5017505019 0 0 0
5017505032 0 0 0
5017505032 0 0 0
5017505032 0 0 0
5017505032 0 0 0
5017505032 0 0 0
5017505045 0 0 0
5017505045 0 0 0
5017505045 0 0 0
5017505045 0 0 0
5017505045 0 0 0
5017505058 0 0 0
5017505058 0 0 0
5017505058 0 0 0
5017505058 3246 0 15
5017505058 3246 0 7
5017505071 3246 0 7
5017505071 3246 0 15
5017505071 3246 0 15
5017505071 0 0 0
5017505071 0 0 0
5017505084 0 0 0
5017505084 0 0 0
5017505084 0 0 0
5017505084 0 0 0
5017505084 0 0 0
5017505097 0 0 0
5017505097 0 0 0
5017505097 0 0 0
5017505097 0 0 0
5017505097 0 0 0
5017505110 0 0 0
5017505110 0 0 0
5017505110 0 0 0
5017505110 0 0 0
5017505110 0 0 0
5017505123 0 0 0
5017505123 0 0 0
5017505123 0 0 0
5017505123 0 0 0
5017505123 0 0 0
5017505136 0 0 0
5017505136 0 0 0
5017505136 0 0 0
5017505136 0 0 0
5017505136 0 0 0
5017505149 0 0 0
5017505149 0 0 0
5017505149 0 0 0
5017505149 0 0 0
5017505149 0 0 0
5017505162 0 0 0
5017505162 0 0 0
5017505162 0 0 0
5017505162 0 0 0
5017505162 0 0 0
5017505175 0 0 0
5017505175 0 0 0
5017505175 0 0 0
5017505175 0 0 0
5017505175 0 0 0
5017505188 0 0 0
5017505188 0 0 0
5017505188 0 0 0
5017505188 0 0 0
5017505188 0 0 0
5017505201 0 0 0
5017505201 0 0 0
5017505201 0 0 0
5017505201 0 0 0
5017505201 0 0 0
5017505214 0 0 0
5017505214 0 0 0
5017505214 0 0 0
5017505214 0 0 0
5017505214 0 0 0
5017505227 0 0 0
5017505227 0 0 0
5017505227 0 0 0
5017505227 0 0 0
5017505227 0 0 0
5017505240 0 0 0
5017505240 0 0 0
5017505240 0 0 0
5017505240 0 0 0
5017505240 0 0 0
5017505253 0 0 0
5017505253 0 0 0
5017505253 0 0 0
5017505253 0 0 0
5017505253 0 0 0
5017505266 0 0 0
5017505266 0 0 0
5017505266 0 0 0
5017505266 0 0 0
5017505266 0 0 0
5017505279 0 0 0
5017505279 0 0 0
5017505279 0 0 0
5017505279 0 0 0
5017505279 0 0 0
5017505292 0 0 0
5017505292 0 0 0
5017505292 0 0 0
5017505292 0 0 0
5017505292 0 0 0
5017505305 0 0 0
5017505305 0 0 0
5017505305 0 0 0
5017505305 1619 0 7
5017505305 3121 0 15
5017505318 3121 0 7
5017505318 3121 0 7
5017505318 3121 0 15
5017505318 1502 0 0
5017505318 0 0 0
5017505331 0 0 0
5017505331 0 0 0
5017505331 0 0 0
5017505331 0 0 0
5017505331 0 0 0
5017505344 0 0 0
5017505344 0 0 0
5017505344 0 0 0
5017505344 0 0 0
5017505344 0 0 0
5017505357 0 0 0
5017505357 0 0 0
5017505357 0 0 0
5017505357 0 0 0
5017505357 0 0 0
5017505370 0 0 0
5017505370 0 0 0
5017505370 0 0 0
5017505370 0 0 0
5017505370 0 0 0
5017505383 0 0 0
5017505383 0 0 0
5017505383 0 0 0
5017505383 0 0 0
5017505383 0 0 0
5017505396 0 0 0
5017505396 0 0 0
5017505396 0 0 0
5017505396 0 0 0
5017505396 0 0 0
5017505409 0 0 0
5017505409 0 0 0
5017505409 0 0 0
5017505409 0 0 0
5017505409 0 0 0
5017505422 0 0 0
5017505422 0 0 0
5017505422 0 0 0
5017505422 0 0 0
5017505422 0 0 0
5017505435 0 0 0
5017505435 0 0 0
5017505435 0 0 0
5017505435 0 0 0
5017505435 0 0 0
5017505448 0 0 0
5017505448 0 0 0
5017505448 0 0 0
5017505448 0 0 0
5017505448 0 0 0
5017505461 0 0 0
5017505461 0 0 0
5017505461 0 0 0
5017505461 0 0 0
5017505461 0 0 0
5017505474 0 0 0
5017505474 0 0 0
5017505474 0 0 0
5017505474 0 0 0
5017505474 0 0 0
5017505487 0 0 0
5017505487 0 0 0
5017505487 0 0 0
5017505487 0 0 0
5017505487 0 0 0
5017505500 0 0 0
5017505500 0 0 0
5017505500 0 0 0
5017505500 0 0 0
5017505500 0 0 0
5017505513 0 0 0
5017505513 0 0 0
5017505513 0 0 0
5017505513 0 0 0
5017505513 0 0 0
5017505526 0 0 0
5017505526 0 0 0
5017505526 0 0 0
5017505526 0 0 0
5017505526 0 0 0
5017505539 0 0 0
5017505539 0 0 0
5017505539 0 0 0
5017505539 0 0 0
5017505539 0 0 0
5017505553 0 0 0
5017505553 0 0 0
5017505553 0 0 0
5017505553 0 0 0
5017505553 2855 0 14
5017505565 0 0 0
5017505565 2855 0 16
5017505565 0 0 0
5017505565 2855 0 16
5017505565 0 0 0
5017505578 2855 0 15
5017505578 0 0 0
5017505578 2855 0 7
5017505578 0 0 0
5017505578 0 0 0
5017505591 0 0 0
5017505591 0 0 0
5017505591 0 0 0
5017505591 0 0 0
5017505591 0 0 0
5017505604 0 0 0
5017505604 0 0 0
5017505604 0 0 0
5017505604 0 0 0
5017505604 0 0 0
5017505617 0 0 0
5017505617 0 0 0
5017505617 0 0 0
5017505617 0 0 0
5017505617 0 0 0
5017505630 0 0 0
5017505630 0 0 0
5017505630 0 0 0
5017505630 0 0 0
5017505630 0 0 0
5017505643 0 0 0
5017505643 0 0 0
5017505643 0 0 0
5017505643 0 0 0
5017505643 0 0 0
5017505656 0 0 0
5017505656 0 0 0
5017505656 0 0 0
5017505656 0 0 0
5017505656 0 0 0
5017505669 0 0 0
5017505669 0 0 0
5017505669 0 0 0
5017505669 0 0 0
5017505669 0 0 0
5017505682 0 0 0
5017505682 0 0 0
5017505682 0 0 0
5017505682 0 0 0
5017505682 0 0 0
5017505695 0 0 0
5017505695 0 0 0
5017505695 0 0 0
5017505695 0 0 0
5017505695 0 0 0
5017505708 0 0 0
5017505708 0 0 0
5017505708 0 0 0
5017505708 0 0 0
5017505708 0 0 0
5017505721 0 0 0
5017505721 0 0 0
5017505721 0 0 0
5017505721 0 0 0
5017505721 0 0 0
5017505734 0 0 0
5017505734 0 0 0
5017505734 0 0 0
5017505734 0 0 0
5017505734 0 0 0
5017505747 0 0 0
5017505747 0 0 0
5017505747 0 0 0
5017505747 0 0 0
5017505747 0 0 0
5017505760 0 0 0
5017505760 0 0 0
5017505760 0 0 0
5017505760 0 0 0
5017505760 0 0 0
5017505773 0 0 0
5017505773 0 0 0
5017505773 0 0 0
5017505773 0 0 0
5017505773 0 0 0
5017505786 0 0 0
5017505786 0 0 0
5017505786 0 0 0
5017505786 0 0 0
5017505786 0 0 0
5017505799 0 0 0
5017505799 0 0 0
5017505799 0 0 0
5017505799 0 0 0
5017505799 0 0 0
5017505812 0 0 0
5017505812 0 0 0
5017505812 0 0 0
5017505812 2601 0 7
5017505812 2601 0 7
5017505825 2601 0 7
5017505825 2601 0 7
5017505825 2601 0 7
5017505825 0 0 0
5017505825 0 0 0
5017505838 0 0 0
5017505838 0 0 0
5017505838 0 0 0
5017505838 0 0 0
5017505838 0 0 0
5017505851 0 0 0
5017505851 0 0 0
5017505851 0 0 0
5017505851 0 0 0
5017505851 0 0 0
5017505864 0 0 0
5017505864 0 0 0
5017505864 0 0 0
5017505864 0 0 0
5017505864 0 0 0
5017505877 0 0 0
5017505877 0 0 0
5017505877 0 0 0
5017505877 0 0 0
5017505877 0 0 0
5017505890 0 0 0
5017505890 0 0 0
5017505890 0 0 0
5017505890 0 0 0
5017505890 0 0 0
5017505903 0 0 0
5017505903 0 0 0
5017505903 0 0 0
5017505903 0 0 0
5017505903 0 0 0
5017505916 0 0 0
5017505916 0 0 0
5017505916 0 0 0
5017505916 0 0 0
5017505916 0 0 0
5017505929 0 0 0
5017505929 0 0 0
5017505929 0 0 0
5017505929 0 0 0
5017505929 0 0 0
5017505942 0 0 0
5017505942 0 0 0
5017505942 0 0 0
5017505942 0 0 0
5017505942 0 0 0
5017505955 0 0 0
5017505955 0 0 0
5017505955 0 0 0
5017505955 0 0 0
5017505955 0 0 0
5017505968 0 0 0
5017505968 0 0 0
5017505968 0 0 0
5017505968 0 0 0
5017505968 0 0 0
5017505981 0 0 0
5017505981 0 0 0
5017505981 0 0 0
5017505981 0 0 0
5017505981 0 0 0
5017505994 0 0 0
5017505994 0 0 0
5017505994 0 0 0
5017505994 0 0 0
5017505994 0 0 0
5017506007 0 0 0
5017506007 0 0 0
5017506007 0 0 0
5017506007 0 0 0
5017506007 0 0 0
5017506020 0 0 0
5017506020 0 0 0
5017506020 0 0 0
5017506020 0 0 0
5017506020 0 0 0
5017506033 0 0 0
5017506033 0 0 0
5017506033 0 0 0
5017506033 0 0 0
5017506033 0 0 0
5017506046 0 0 0
5017506046 0 0 0
5017506046 0 0 0
5017506046 0 0 0
5017506046 0 0 0
5017506059 0 0 0
5017506059 0 0 0
5017506059 0 0 0
5017506059 473 0 7
5017506059 2388 0 15
5017506072 1286 0 7
5017506072 2388 0 7
5017506072 2388 0 7
5017506072 1915 0 0
5017506072 0 0 0
5017506085 1102 0 0
5017506085 0 0 0
5017506085 0 0 0
5017506085 0 0 0
5017506085 0 0 0
5017506098 0 0 0
5017506098 0 0 0
5017506098 0 0 0
5017506098 0 0 0
5017506098 0 0 0
5017506111 0 0 0
5017506111 0 0 0
5017506111 0 0 0
5017506111 0 0 0
5017506111 0 0 0
5017506124 0 0 0
5017506124 0 0 0
5017506124 0 0 0
5017506124 0 0 0
5017506124 0 0 0
5017506137 0 0 0
5017506137 0 0 0
5017506137 0 0 0
5017506137 0 0 0
5017506137 0 0 0
5017506150 0 0 0
5017506150 0 0 0
5017506150 0 0 0
5017506150 0 0 0
5017506150 0 0 0
5017506163 0 0 0
5017506163 0 0 0
5017506163 0 0 0
5017506163 0 0 0
5017506163 0 0 0
5017506176 0 0 0
5017506176 0 0 0
5017506176 0 0 0
5017506176 0 0 0
5017506176 0 0 0
5017506189 0 0 0
5017506189 0 0 0
5017506189 0 0 0
5017506189 0 0 0
5017506189 0 0 0
5017506202 0 0 0
5017506202 0 0 0
5017506202 0 0 0
5017506202 0 0 0
5017506202 0 0 0
5017506215 0 0 0
5017506215 0 0 0
5017506215 0 0 0
5017506215 0 0 0
5017506215 0 0 0
5017506228 0 0 0
5017506228 0 0 0
5017506228 0 0 0
5017506228 0 0 0
5017506228 0 0 0
5017506241 0 0 0
5017506241 0 0 0
5017506241 0 0 0
5017506241 0 0 0
5017506241 0 0 0
5017506254 0 0 0
5017506254 0 0 0
5017506254 0 0 0
5017506254 0 0 0
5017506254 0 0 0
5017506267 0 0 0
5017506267 0 0 0
5017506267 0 0 0
5017506267 0 0 0
5017506267 0 0 0
5017506280 0 0 0
5017506280 0 0 0
5017506280 0 0 0
5017506280 0 0 0
5017506280 0 0 0
5017506293 0 0 0
5017506293 0 0 0
5017506293 0 0 0
5017506293 0 0 0
5017506293 0 0 0
5017506306 0 0 0
5017506306 0 0 0
5017506306 0 0 0
5017506306 0 0 0
5017506306 0 0 0
5017506319 0 0 0
5017506319 2260 0 7
5017506319 0 0 0
5017506319 2260 0 7
5017506319 2260 0 7
5017506332 2260 0 7
5017506332 0 0 0
5017506332 2260 0 7
5017506332 0 0 0
5017506332 0 0 0
5017506345 0 0 0
5017506345 0 0 0
5017506345 0 0 0
5017506345 0 0 0
5017506345 0 0 0
5017506358 0 0 0
5017506358 0 0 0
5017506358 0 0 0
5017506358 0 0 0
5017506358 0 0 0
5017506371 0 0 0
5017506371 0 0 0
5017506371 0 0 0
5017506371 0 0 0
5017506371 0 0 0
5017506384 0 0 0
5017506384 0 0 0
5017506384 0 0 0
5017506384 0 0 0
5017506384 0 0 0
5017506397 0 0 0
5017506397 0 0 0
5017506397 0 0 0
5017506397 0 0 0
5017506397 0 0 0
5017506410 0 0 0
5017506410 0 0 0
5017506410 0 0 0
5017506410 0 0 0
5017506410 0 0 0
5017506423 0 0 0
5017506423 0 0 0
5017506423 0 0 0
5017506423 0 0 0
5017506423 0 0 0
5017506436 0 0 0
5017506436 0 0 0
5017506436 0 0 0
5017506436 0 0 0
5017506436 0 0 0
5017506449 0 0 0
5017506449 0 0 0
5017506449 0 0 0
5017506449 0 0 0
5017506449 0 0 0
5017506462 0 0 0
5017506462 0 0 0
5017506462 0 0 0
5017506462 0 0 0
5017506462 0 0 0
5017506475 0 0 0
5017506475 0 0 0
5017506475 0 0 0
5017506475 0 0 0
5017506475 0 0 0
5017506488 0 0 0
5017506488 0 0 0
5017506488 0 0 0
5017506488 0 0 0
5017506488 0 0 0
5017506501 0 0 0
5017506501 0 0 0
5017506501 0 0 0
5017506501 0 0 0
5017506501 0 0 0
5017506514 0 0 0
5017506514 0 0 0
5017506514 0 0 0
5017506514 0 0 0
5017506514 0 0 0
5017506527 0 0 0
5017506527 0 0 0
5017506527 0 0 0
5017506527 0 0 0
5017506527 0 0 0
5017506540 0 0 0
5017506540 0 0 0
5017506540 0 0 0
5017506540 0 0 0
5017506540 0 0 0
5017506553 0 0 0
5017506553 0 0 0
5017506553 0 0 0
5017506553 0 0 0
5017506553 0 0 0
5017506566 0 0 0
5017506566 0 0 0
5017506566 0 0 0
5017506566 0 0 38
5017506579 0 0 38
5017506579 0 0 53
read 1946 profiled data
