5018151034 23313 0 0
5018151034 3206 0 0
5018151047 23319 0 84
5018151047 0 0 0
5018151060 0 0 0
5018151060 0 0 0
5018151073 0 0 0
5018151073 0 0 0
5018151086 0 0 0
5018151086 0 0 0
5018151099 0 0 0
5018151099 0 0 0
5018151112 0 0 0
5018151112 0 0 0
5018151125 0 0 0
5018151125 0 0 0
5018151138 0 0 0
5018151138 0 0 0
5018151151 0 0 0
5018151151 0 0 0
5018151164 0 0 0
5018151164 0 0 0
5018151177 0 0 0
5018151177 0 0 0
5018151190 0 0 0
5018151190 0 0 0
5018151203 0 0 0
5018151203 0 0 0
5018151216 0 0 0
5018151216 0 0 0
5018151229 0 0 0
5018151229 0 0 0
5018151242 0 0 0
5018151242 0 0 0
5018151255 0 0 0
5018151255 0 0 0
5018151268 0 0 0
5018151268 0 0 0
5018151281 0 0 0
5018151281 2018 0 15
5018151294 0 0 0
5018151294 0 0 0
5018151307 23141 0 92
5018151307 0 0 0
5018151320 14391 0 53
5018151320 0 0 0
5018151333 0 0 0
5018151333 0 0 0
5018151346 0 0 0
5018151346 0 0 0
5018151359 0 0 0
5018151359 0 0 0
5018151372 0 0 0
5018151372 0 0 0
5018151385 0 0 0
5018151385 0 0 0
5018151398 0 0 0
5018151398 0 0 0
5018151411 0 0 0
5018151411 0 0 0
5018151424 0 0 0
5018151424 0 0 0
5018151437 0 0 0
5018151437 0 0 0
5018151450 0 0 0
5018151450 0 0 0
5018151463 0 0 0
5018151463 0 0 0
5018151476 0 0 0
5018151476 0 0 0
5018151489 0 0 0
5018151489 0 0 0
5018151502 0 0 0
5018151502 0 0 0
5018151515 0 0 0
5018151515 0 0 0
5018151528 0 0 0
5018151528 1944 0 7
5018151541 0 0 0
5018151541 0 0 0
5018151554 0 0 0
5018151554 0 0 0
5018151567 5691 0 23
5018151567 0 0 0
5018151580 25188 0 92
5018151580 0 0 0
5018151593 0 0 0
5018151593 0 0 0
5018151606 0 0 0
5018151606 0 0 0
5018151619 0 0 0
5018151619 0 0 0
5018151632 0 0 0
5018151632 0 0 0
5018151645 0 0 0
5018151645 0 0 0
5018151658 0 0 0
5018151658 0 0 0
5018151671 0 0 0
5018151671 0 0 0
5018151684 0 0 0
5018151684 0 0 0
5018151697 0 0 0
5018151697 0 0 0
5018151710 0 0 0
5018151710 0 0 0
5018151723 0 0 0
5018151723 0 0 0
5018151736 0 0 0
5018151736 0 0 0
5018151749 0 0 0
5018151749 0 0 0
5018151762 0 0 0
5018151762 0 0 0
5018151775 0 0 0
5018151775 0 0 0
5018151788 0 0 0
5018151788 1942 0 7
5018151801 0 0 0
5018151801 0 0 0
5018151814 0 0 0
5018151814 0 0 0
5018151827 0 0 0
5018151827 0 0 0
5018151840 21351 0 84
5018151840 0 0 0
5018151853 4138 0 15
5018151853 0 0 0
5018151866 0 0 0
5018151866 0 0 0
5018151879 0 0 0
5018151879 0 0 0
5018151892 0 0 0
5018151892 0 0 0
5018151905 0 0 0
5018151905 0 0 0
5018151918 0 0 0
5018151918 0 0 0
5018151931 0 0 0
5018151931 0 0 0
5018151944 0 0 0
5018151944 0 0 0
5018151957 0 0 0
5018151957 0 0 0
5018151970 0 0 0
5018151970 0 0 0
5018151983 0 0 0
5018151983 0 0 0
5018151996 0 0 0
5018151996 0 0 0
5018152009 0 0 0
5018152009 0 0 0
5018152022 0 0 0
5018152022 0 0 0
5018152035 0 0 0
5018152035 1951 0 7
5018152048 0 0 0
5018152048 0 0 0
5018152061 0 0 0
5018152061 0 0 0
5018152074 0 0 0
5018152074 0 0 0
5018152087 0 0 0
5018152087 0 0 0
5018152100 15264 0 61
5018152100 0 0 0
5018152113 6030 0 23
5018152113 0 0 0
5018152126 0 0 0
5018152126 0 0 0
5018152139 0 0 0
5018152139 0 0 0
5018152152 0 0 0
5018152152 0 0 0
5018152165 0 0 0
5018152165 0 0 0
5018152178 0 0 0
5018152178 0 0 0
5018152191 0 0 0
5018152191 0 0 0
5018152204 0 0 0
5018152204 0 0 0
5018152217 0 0 0
5018152217 0 0 0
5018152230 0 0 0
5018152230 0 0 0
5018152243 0 0 0
5018152243 0 0 0
5018152256 0 0 0
5018152256 0 0 0
5018152269 0 0 0
5018152269 0 0 0
5018152282 0 0 0
5018152282 1933 0 7
5018152295 0 0 0
5018152295 0 0 0
5018152308 0 0 0
5018152308 0 0 0
5018152321 0 0 0
5018152321 0 0 0
5018152334 0 0 0
5018152334 0 0 0
5018152347 0 0 0
5018152347 0 0 0
5018152360 13505 0 53
5018152360 0 0 0
5018152373 4069 0 15
5018152373 0 0 0
5018152386 0 0 0
5018152386 0 0 0
5018152399 0 0 0
5018152399 0 0 0
5018152412 0 0 0
5018152412 0 0 0
5018152425 0 0 0
5018152425 0 0 0
5018152438 0 0 0
5018152438 0 0 0
5018152451 0 0 0
5018152451 0 0 0
5018152464 0 0 0
5018152464 0 0 0
5018152477 0 0 0
5018152477 0 0 0
5018152490 0 0 0
5018152490 0 0 0
5018152503 0 0 0
5018152503 0 0 0
5018152516 0 0 0
5018152516 0 0 0
5018152529 0 0 0
5018152529 0 0 0
5018152542 0 0 0
5018152542 1864 0 7
5018152555 0 0 0
5018152555 0 0 0
5018152568 0 0 0
5018152568 0 0 0
5018152581 0 0 0
5018152581 0 0 0
5018152594 0 0 0
5018152594 0 0 0
5018152607 0 0 0
5018152607 0 0 0
5018152620 14354 0 61
5018152620 0 0 0
5018152633 38 0 0
5018152633 0 0 0
5018152646 0 0 0
5018152646 0 0 0
5018152659 0 0 0
5018152659 0 0 0
5018152672 0 0 0
5018152672 0 0 0
5018152685 0 0 0
5018152685 0 0 0
5018152698 0 0 0
5018152698 0 0 0
5018152711 0 0 0
5018152711 0 0 0
5018152724 0 0 0
5018152724 0 0 0
5018152737 0 0 0
5018152737 0 0 0
5018152750 0 0 0
5018152750 0 0 0
5018152763 0 0 0
5018152763 0 0 0
5018152776 0 0 0
5018152776 0 0 0
5018152789 0 0 0
5018152789 1849 0 7
5018152802 0 0 0
5018152802 0 0 0
5018152815 0 0 0
5018152815 0 0 0
5018152828 0 0 0
5018152828 0 0 0
5018152841 0 0 0
5018152841 0 0 0
5018152854 0 0 0
5018152854 0 0 0
5018152867 0 0 0
5018152867 0 0 0
5018152880 11933 0 53
5018152880 0 0 0
5018152893 0 0 0
5018152893 0 0 0
5018152906 0 0 0
5018152906 0 0 0
5018152919 0 0 0
5018152919 0 0 0
5018152932 0 0 0
5018152932 0 0 0
5018152945 0 0 0
5018152945 0 0 0
5018152958 0 0 0
5018152958 0 0 0
5018152971 0 0 0
5018152971 0 0 0
5018152984 0 0 0
5018152984 0 0 0
5018152997 0 0 0
5018152997 0 0 0
5018153010 0 0 0
5018153010 0 0 0
5018153023 0 0 0
5018153023 0 0 0
5018153036 0 0 0
5018153036 1861 0 7
5018153049 0 0 0
5018153049 0 0 0
5018153062 0 0 0
5018153062 0 0 0
5018153075 0 0 0
5018153075 0 0 0
5018153088 0 0 0
5018153088 0 0 0
5018153101 0 0 0
5018153101 0 0 0
5018153114 0 0 0
5018153114 0 0 0
5018153127 0 0 0
5018153127 0 0 0
5018153140 9944 0 38
5018153140 0 0 0
5018153153 0 0 0
5018153153 0 0 0
5018153166 0 0 0
5018153166 0 0 0
5018153179 0 0 0
5018153179 0 0 0
5018153192 0 0 0
5018153192 0 0 0
5018153205 0 0 0
5018153205 0 0 0
5018153218 0 0 0
5018153218 0 0 0
5018153231 0 0 0
5018153231 0 0 0
5018153244 0 0 0
5018153244 0 0 0
5018153257 0 0 0
5018153257 0 0 0
5018153270 0 0 0
5018153270 0 0 0
5018153283 0 0 0
5018153283 1867 0 7
5018153296 0 0 0
5018153296 0 0 0
5018153309 0 0 0
5018153309 0 0 0
5018153322 0 0 0
5018153322 0 0 0
5018153335 0 0 0
5018153335 0 0 0
5018153348 0 0 0
5018153348 0 0 0
5018153361 0 0 0
5018153361 0 0 0
5018153374 0 0 0
5018153374 0 0 0
5018153387 6774 0 38
5018153387 0 0 0
5018153400 1338 0 0
5018153400 0 0 0
5018153413 0 0 0
5018153413 0 0 0
5018153426 0 0 0
5018153426 0 0 0
5018153439 0 0 0
5018153439 0 0 0
5018153452 0 0 0
5018153452 0 0 0
5018153465 0 0 0
5018153465 0 0 0
5018153478 0 0 0
5018153478 0 0 0
5018153491 0 0 0
5018153491 0 0 0
5018153504 0 0 0
5018153504 0 0 0
5018153517 0 0 0
5018153517 0 0 0
5018153530 0 0 0
5018153530 0 0 0
5018153543 0 0 0
5018153543 1793 0 7
5018153556 0 0 0
5018153556 0 0 0
5018153569 0 0 0
5018153569 0 0 0
5018153582 0 0 0
5018153582 0 0 0
5018153595 0 0 0
5018153595 0 0 0
5018153608 0 0 0
5018153608 0 0 0
5018153621 0 0 0
5018153621 0 0 0
5018153634 0 0 0
5018153634 0 0 0
5018153647 6686 0 38
5018153647 0 0 0
5018153660 0 0 0
5018153660 0 0 0
5018153673 0 0 0
5018153673 0 0 0
5018153686 0 0 0
5018153686 0 0 0
5018153699 0 0 0
5018153699 0 0 0
5018153712 0 0 0
5018153712 0 0 0
5018153725 0 0 0
5018153725 0 0 0
5018153738 0 0 0
5018153738 0 0 0
5018153751 0 0 0
5018153751 0 0 0
5018153764 0 0 0
5018153764 0 0 0
5018153777 0 0 0
5018153777 0 0 0
5018153790 0 0 0
5018153790 1841 0 7
5018153803 0 0 0
5018153803 0 0 0
5018153816 0 0 0
5018153816 0 0 0
5018153829 0 0 0
5018153829 0 0 0
5018153842 0 0 0
5018153842 0 0 0
5018153855 0 0 0
5018153855 0 0 0
5018153868 0 0 0
5018153868 0 0 0
5018153881 0 0 0
5018153881 0 0 0
5018153894 2643 0 15
5018153894 0 0 0
5018153907 2881 0 7
5018153907 0 0 0
5018153920 0 0 0
5018153920 0 0 0
5018153933 0 0 0
5018153933 0 0 0
5018153946 0 0 0
5018153946 0 0 0
5018153959 0 0 0
5018153959 0 0 0
5018153972 0 0 0
5018153972 0 0 0
5018153985 0 0 0
5018153985 0 0 0
5018153998 0 0 0
5018153998 0 0 0
5018154011 0 0 0
5018154011 0 0 0
5018154024 0 0 0
5018154024 0 0 0
5018154037 0 0 0
5018154037 1772 0 7
5018154050 0 0 0
5018154050 0 0 0
5018154063 0 0 0
5018154063 0 0 0
5018154076 0 0 0
5018154076 0 0 0
5018154089 0 0 0
5018154089 0 0 0
5018154102 0 0 0
5018154102 0 0 0
5018154115 0 0 0
5018154115 0 0 0
5018154128 0 0 0
5018154128 0 0 0
5018154141 0 0 0
5018154141 0 0 0
5018154154 4633 0 30
5018154154 0 0 0
5018154167 0 0 0
5018154167 0 0 0
5018154180 0 0 0
5018154180 0 0 0
5018154193 0 0 0
5018154193 0 0 0
5018154206 0 0 0
5018154206 0 0 0
5018154219 0 0 0
5018154219 0 0 0
5018154232 0 0 0
5018154232 0 0 0
5018154245 0 0 0
5018154245 0 0 0
5018154258 0 0 0
5018154258 0 0 0
5018154271 0 0 0
5018154271 0 0 0
5018154284 0 0 0
5018154284 0 0 0
5018154297 0 0 0
5018154297 1742 0 7
5018154310 0 0 0
5018154310 0 0 0
5018154323 0 0 0
5018154323 0 0 0
5018154336 0 0 0
5018154336 0 0 0
5018154349 0 0 0
5018154349 0 0 0
5018154362 0 0 0
5018154362 0 0 0
5018154375 0 0 0
5018154375 0 0 0
5018154388 0 0 0
5018154388 0 0 0
5018154401 2163 0 15
5018154401 0 0 0
5018154414 1660 0 7
5018154414 0 0 0
5018154427 0 0 0
5018154427 0 0 0
5018154440 0 0 0
5018154440 0 0 0
5018154453 0 0 0
5018154453 0 0 0
5018154466 0 0 0
5018154466 0 0 0
5018154479 0 0 0
5018154479 0 0 0
5018154492 0 0 0
5018154492 0 0 0
5018154505 0 0 0
5018154505 0 0 0
5018154518 0 0 0
5018154518 0 0 0
5018154531 0 0 0
5018154531 0 0 0
5018154544 0 0 0
5018154544 1754 0 7
5018154557 0 0 0
5018154557 0 0 0
5018154570 0 0 0
5018154570 0 0 0
5018154583 0 0 0
5018154583 0 0 0
5018154596 0 0 0
5018154596 0 0 0
5018154609 0 0 0
5018154609 0 0 0
5018154622 0 0 0
5018154622 0 0 0
5018154635 0 0 0
5018154635 0 0 0
5018154648 0 0 0
5018154648 0 0 0
5018154661 3058 0 15
5018154661 0 0 0
5018154674 0 0 0
5018154674 0 0 0
5018154687 0 0 0
5018154687 0 0 0
5018154700 0 0 0
5018154700 0 0 0
5018154713 0 0 0
5018154713 0 0 0
5018154726 0 0 0
5018154726 0 0 0
5018154739 0 0 0
5018154739 0 0 0
5018154752 0 0 0
5018154752 0 0 0
5018154765 0 0 0
5018154765 0 0 0
5018154778 0 0 0
5018154778 0 0 0
5018154791 0 0 0
5018154791 1760 0 7
5018154804 0 0 0
5018154804 0 0 0
5018154817 0 0 0
5018154817 0 0 0
5018154830 0 0 0
5018154830 0 0 0
5018154843 0 0 0
5018154843 0 0 0
5018154856 0 0 0
5018154856 0 0 0
5018154869 0 0 0
5018154869 0 0 0
5018154882 0 0 0
5018154882 0 0 0
5018154895 0 0 0
5018154895 0 0 0
5018154908 2588 0 23
5018154908 0 0 0
5018154921 0 0 0
5018154921 0 0 0
5018154934 0 0 0
5018154934 0 0 0
5018154947 0 0 0
5018154947 0 0 0
5018154960 0 0 0
5018154960 0 0 0
5018154973 0 0 0
5018154973 0 0 0
5018154986 0 0 0
5018154986 0 0 0
5018154999 0 0 0
5018154999 0 0 0
5018155012 0 0 0
5018155012 0 0 0
5018155025 0 0 0
5018155025 0 0 0
5018155038 0 0 0
5018155038 0 0 0
5018155051 0 0 0
5018155051 1728 0 7
5018155064 0 0 0
5018155064 0 0 0
5018155077 0 0 0
5018155077 0 0 0
5018155090 0 0 0
5018155090 0 0 0
5018155103 0 0 0
5018155103 0 0 0
5018155116 0 0 0
5018155116 0 0 0
5018155129 0 0 0
5018155129 0 0 0
5018155142 0 0 0
5018155142 0 0 0
5018155155 0 0 0
5018155155 0 0 0
5018155168 2097 0 15
5018155168 0 0 0
5018155181 0 0 0
5018155181 0 0 0
5018155194 0 0 0
5018155194 0 0 0
5018155207 0 0 0
5018155207 0 0 0
5018155220 0 0 0
5018155220 0 0 0
5018155233 0 0 0
5018155233 0 0 0
5018155246 0 0 0
5018155246 0 0 0
5018155259 0 0 0
5018155259 0 0 0
5018155272 0 0 0
5018155272 0 0 0
5018155285 0 0 0
5018155285 0 0 0
5018155298 0 0 0
5018155298 1871 0 7
5018155311 0 0 0
5018155311 0 0 0
5018155324 0 0 0
5018155324 0 0 0
5018155337 0 0 0
5018155337 0 0 0
5018155350 0 0 0
5018155350 0 0 0
5018155363 0 0 0
5018155363 0 0 0
5018155376 0 0 0
5018155376 0 0 0
5018155389 0 0 0
5018155389 0 0 0
5018155402 0 0 0
5018155402 0 0 0
5018155415 1714 0 23
5018155415 0 0 0
5018155428 0 0 0
5018155428 0 0 0
5018155441 0 0 0
5018155441 0 0 0
5018155454 0 0 0
5018155454 0 0 0
5018155467 0 0 0
5018155467 0 0 0
5018155480 0 0 0
5018155480 0 0 0
5018155493 0 0 0
5018155493 0 0 0
5018155506 0 0 0
5018155506 0 0 0
5018155519 0 0 0
5018155519 0 0 0
5018155532 0 0 0
5018155532 0 0 0
5018155545 0 0 0
5018155545 1712 0 0
5018155558 0 0 0
5018155558 0 0 0
5018155571 0 0 0
5018155571 0 0 0
5018155584 0 0 0
5018155584 0 0 0
5018155597 0 0 0
5018155597 0 0 0
5018155610 0 0 0
5018155610 0 0 0
5018155623 0 0 0
5018155623 0 0 0
5018155636 0 0 0
5018155636 0 0 0
5018155649 0 0 0
5018155649 0 0 0
5018155662 0 0 0
5018155662 0 0 0
5018155675 1438 0 15
5018155675 0 0 0
5018155688 0 0 0
5018155688 0 0 0
5018155701 0 0 0
5018155701 0 0 0
5018155714 0 0 0
5018155714 0 0 0
5018155727 0 0 0
5018155727 0 0 0
5018155740 0 0 0
5018155740 0 0 0
5018155753 0 0 0
5018155753 0 0 0
5018155766 0 0 0
5018155766 0 0 0
5018155779 0 0 0
5018155779 0 0 0
5018155792 0 0 0
5018155792 1638 0 7
5018155805 0 0 0
5018155805 0 0 0
5018155818 0 0 0
5018155818 0 0 0
5018155831 0 0 0
5018155831 0 0 0
5018155844 0 0 0
5018155844 0 0 0
5018155857 0 0 0
5018155857 0 0 0
5018155870 0 0 0
5018155870 0 0 0
5018155883 0 0 0
5018155883 0 0 0
5018155896 0 0 0
5018155896 0 0 0
5018155909 0 0 0
5018155909 0 0 0
5018155922 1151 0 7
5018155922 0 0 0
5018155935 0 0 0
5018155935 0 0 0
5018155948 0 0 0
5018155948 0 0 0
5018155961 0 0 0
5018155961 0 0 0
5018155974 0 0 0
5018155974 0 0 0
5018155987 0 0 0
5018155987 0 0 0
5018156000 0 0 0
5018156000 0 0 0
5018156013 0 0 0
5018156013 0 0 0
5018156026 0 0 0
5018156026 0 0 0
5018156039 0 0 0
5018156039 0 0 0
5018156052 0 0 0
5018156065 0 0 0
5018156078 0 0 0
5018156091 0 0 0
5018156104 0 0 0
5018156117 0 0 0
5018156130 0 0 0
5018156143 0 0 0
5018156156 0 0 0
5018156169 0 0 23
5018156182 0 0 100
read 783 profiled data
