5014927496 9432 0 0
5014927496 9432 0 0
5014927496 9433 0 0
5014927496 9430 0 0
5014927496 9430 0 0
5014927509 0 0 0
5014927509 0 0 0
5014927509 0 0 0
5014927509 0 0 0
5014927509 0 0 0
5014927522 0 0 0
5014927522 0 0 0
5014927522 0 0 0
5014927522 0 0 0
5014927522 0 0 0
5014927535 0 0 0
5014927535 0 0 0
5014927535 0 0 0
5014927535 0 0 0
5014927535 0 0 0
5014927548 0 0 0
5014927548 0 0 0
5014927548 0 0 0
5014927548 0 0 0
5014927548 0 0 0
5014927561 0 0 0
5014927561 0 0 0
5014927561 0 0 0
5014927561 0 0 0
5014927561 0 0 0
5014927574 0 0 0
5014927574 0 0 0
5014927574 0 0 0
5014927574 0 0 0
5014927574 0 0 0
5014927587 0 0 0
5014927587 0 0 0
5014927587 0 0 0
5014927587 0 0 0
5014927587 0 0 0
5014927600 0 0 0
5014927600 0 0 0
5014927600 0 0 0
5014927600 0 0 0
5014927600 0 0 0
5014927613 0 0 0
5014927613 0 0 0
5014927613 0 0 0
5014927613 0 0 0
5014927613 0 0 0
5014927626 0 0 0
5014927626 0 0 0
5014927626 0 0 0
5014927626 0 0 0
5014927626 0 0 0
5014927639 0 0 0
5014927639 0 0 0
5014927639 0 0 0
5014927639 0 0 0
5014927639 0 0 0
5014927652 0 0 0
5014927652 0 0 0
5014927652 0 0 0
5014927652 0 0 0
5014927652 0 0 0
5014927665 0 0 0
5014927665 0 0 0
5014927665 0 0 0
5014927665 0 0 0
5014927665 0 0 0
5014927678 0 0 0
5014927678 0 0 0
5014927678 0 0 0
5014927678 0 0 0
5014927678 0 0 0
5014927691 0 0 0
5014927691 0 0 0
5014927691 0 0 0
5014927691 0 0 0
5014927691 0 0 0
5014927704 0 0 0
5014927704 0 0 0
5014927704 0 0 0
5014927704 0 0 0
5014927704 0 0 0
5014927717 0 0 0
5014927717 0 0 0
5014927717 0 0 0
5014927717 0 0 0
5014927717 0 0 0
5014927730 0 0 0
5014927730 0 0 0
5014927730 0 0 0
5014927730 0 0 0
5014927730 0 0 0
5014927743 751 0 7
5014927743 7425 0 23
5014927743 0 0 0
5014927743 7425 0 30
5014927743 7425 0 30
5014927756 6673 0 23
5014927756 0 0 0
5014927756 7425 0 23
5014927756 0 0 0
5014927756 0 0 0
5014927769 0 0 0
5014927769 0 0 0
5014927769 0 0 0
5014927769 0 0 0
5014927769 0 0 0
5014927782 0 0 0
5014927782 0 0 0
5014927782 0 0 0
5014927782 0 0 0
5014927782 0 0 0
5014927795 0 0 0
5014927795 0 0 0
5014927795 0 0 0
5014927795 0 0 0
5014927795 0 0 0
5014927808 0 0 0
5014927808 0 0 0
5014927808 0 0 0
5014927808 0 0 0
5014927808 0 0 0
5014927821 0 0 0
5014927821 0 0 0
5014927821 0 0 0
5014927821 0 0 0
5014927821 0 0 0
5014927834 0 0 0
5014927834 0 0 0
5014927834 0 0 0
5014927834 0 0 0
5014927834 0 0 0
5014927847 0 0 0
5014927847 0 0 0
5014927847 0 0 0
5014927847 0 0 0
5014927847 0 0 0
5014927860 0 0 0
5014927860 0 0 0
5014927860 0 0 0
5014927860 0 0 0
5014927860 0 0 0
5014927873 0 0 0
5014927873 0 0 0
5014927873 0 0 0
5014927873 0 0 0
5014927873 0 0 0
5014927886 0 0 0
5014927886 0 0 0
5014927886 0 0 0
5014927886 0 0 0
5014927886 0 0 0
5014927899 0 0 0
5014927899 0 0 0
5014927899 0 0 0
5014927899 0 0 0
5014927899 0 0 0
5014927912 0 0 0
5014927912 0 0 0
5014927912 0 0 0
5014927912 0 0 0
5014927912 0 0 0
5014927925 0 0 0
5014927925 0 0 0
5014927925 0 0 0
5014927925 0 0 0
5014927925 0 0 0
5014927938 0 0 0
5014927938 0 0 0
5014927938 0 0 0
5014927938 0 0 0
5014927938 0 0 0
5014927951 0 0 0
5014927951 0 0 0
5014927951 0 0 0
5014927951 0 0 0
5014927951 0 0 0
5014927964 0 0 0
5014927964 0 0 0
5014927964 0 0 0
5014927964 0 0 0
5014927964 0 0 0
5014927977 0 0 0
5014927977 0 0 0
5014927977 0 0 0
5014927977 0 0 0
5014927977 0 0 0
5014927990 0 0 0
5014927990 0 0 0
5014927990 0 0 0
5014927990 0 0 0
5014927990 0 0 0
5014928003 6047 0 15
5014928003 6047 0 15
5014928003 6047 0 23
5014928003 6047 0 15
5014928003 6047 0 15
5014928016 0 0 0
5014928016 0 0 0
5014928016 0 0 0
5014928016 0 0 0
5014928016 0 0 0
5014928029 0 0 0
5014928029 0 0 0
5014928029 0 0 0
5014928029 0 0 0
5014928029 0 0 0
5014928042 0 0 0
5014928042 0 0 0
5014928042 0 0 0
5014928042 0 0 0
5014928042 0 0 0
5014928055 0 0 0
5014928055 0 0 0
5014928055 0 0 0
5014928055 0 0 0
5014928055 0 0 0
5014928068 0 0 0
5014928068 0 0 0
5014928068 0 0 0
5014928068 0 0 0
5014928068 0 0 0
5014928081 0 0 0
5014928081 0 0 0
5014928081 0 0 0
5014928081 0 0 0
5014928081 0 0 0
5014928094 0 0 0
5014928094 0 0 0
5014928094 0 0 0
5014928094 0 0 0
5014928094 0 0 0
5014928107 0 0 0
5014928107 0 0 0
5014928107 0 0 0
5014928107 0 0 0
5014928107 0 0 0
5014928120 0 0 0
5014928120 0 0 0
5014928120 0 0 0
5014928120 0 0 0
5014928120 0 0 0
5014928133 0 0 0
5014928133 0 0 0
5014928133 0 0 0
5014928133 0 0 0
5014928133 0 0 0
5014928146 0 0 0
5014928146 0 0 0
5014928146 0 0 0
5014928146 0 0 0
5014928146 0 0 0
5014928159 0 0 0
5014928159 0 0 0
5014928159 0 0 0
5014928159 0 0 0
5014928159 0 0 0
5014928172 0 0 0
5014928172 0 0 0
5014928172 0 0 0
5014928172 0 0 0
5014928172 0 0 0
5014928185 0 0 0
5014928185 0 0 0
5014928185 0 0 0
5014928185 0 0 0
5014928185 0 0 0
5014928198 0 0 0
5014928198 0 0 0
5014928198 0 0 0
5014928198 0 0 0
5014928198 0 0 0
5014928211 0 0 0
5014928211 0 0 0
5014928211 0 0 0
5014928211 0 0 0
5014928211 0 0 0
5014928224 0 0 0
5014928224 0 0 0
5014928224 0 0 0
5014928224 0 0 0
5014928224 0 0 0
5014928237 0 0 0
5014928237 0 0 0
5014928237 0 0 0
5014928237 0 0 0
5014928237 0 0 0
5014928250 3821 0 15
5014928250 5055 0 23
5014928250 2064 0 7
5014928250 5055 0 23
5014928250 5055 0 23
5014928263 1234 0 0
5014928263 0 0 0
5014928263 2991 0 7
5014928263 0 0 0
5014928263 0 0 0
5014928276 0 0 0
5014928276 0 0 0
5014928276 0 0 0
5014928276 0 0 0
5014928276 0 0 0
5014928289 0 0 0
5014928289 0 0 0
5014928289 0 0 0
5014928289 0 0 0
5014928289 0 0 0
5014928302 0 0 0
5014928302 0 0 0
5014928302 0 0 0
5014928302 0 0 0
5014928302 0 0 0
5014928315 0 0 0
5014928315 0 0 0
5014928315 0 0 0
5014928315 0 0 0
5014928315 0 0 0
5014928328 0 0 0
5014928328 0 0 0
5014928328 0 0 0
5014928328 0 0 0
5014928328 0 0 0
5014928341 0 0 0
5014928341 0 0 0
5014928341 0 0 0
5014928341 0 0 0
5014928341 0 0 0
5014928354 0 0 0
5014928354 0 0 0
5014928354 0 0 0
5014928354 0 0 0
5014928354 0 0 0
5014928367 0 0 0
5014928367 0 0 0
5014928367 0 0 0
5014928367 0 0 0
5014928367 0 0 0
5014928380 0 0 0
5014928380 0 0 0
5014928380 0 0 0
5014928380 0 0 0
5014928380 0 0 0
5014928393 0 0 0
5014928393 0 0 0
5014928393 0 0 0
5014928393 0 0 0
5014928393 0 0 0
5014928406 0 0 0
5014928406 0 0 0
5014928406 0 0 0
5014928406 0 0 0
5014928406 0 0 0
5014928419 0 0 0
5014928419 0 0 0
5014928419 0 0 0
5014928419 0 0 0
5014928419 0 0 0
5014928432 0 0 0
5014928432 0 0 0
5014928432 0 0 0
5014928432 0 0 0
5014928432 0 0 0
5014928445 0 0 0
5014928445 0 0 0
5014928445 0 0 0
5014928445 0 0 0
5014928445 0 0 0
5014928458 0 0 0
5014928458 0 0 0
5014928458 0 0 0
5014928458 0 0 0
5014928458 0 0 0
5014928471 0 0 0
5014928471 0 0 0
5014928471 0 0 0
5014928471 0 0 0
5014928471 0 0 0
5014928484 0 0 0
5014928484 0 0 0
5014928484 0 0 0
5014928484 0 0 0
5014928484 0 0 0
5014928497 0 0 0
5014928497 0 0 0
5014928497 0 0 0
5014928497 0 0 0
5014928497 0 0 0
5014928510 4100 0 15
5014928510 4100 0 7
5014928510 4100 0 15
5014928510 4100 0 7
5014928510 4100 0 15
5014928523 0 0 0
5014928523 0 0 0
5014928523 0 0 0
5014928523 0 0 0
5014928523 0 0 0
5014928536 0 0 0
5014928536 0 0 0
5014928536 0 0 0
5014928536 0 0 0
5014928536 0 0 0
5014928549 0 0 0
5014928549 0 0 0
5014928549 0 0 0
5014928549 0 0 0
5014928549 0 0 0
5014928562 0 0 0
5014928562 0 0 0
5014928562 0 0 0
5014928562 0 0 0
5014928562 0 0 0
5014928575 0 0 0
5014928575 0 0 0
5014928575 0 0 0
5014928575 0 0 0
5014928575 0 0 0
5014928588 0 0 0
5014928588 0 0 0
5014928588 0 0 0
5014928588 0 0 0
5014928588 0 0 0
5014928601 0 0 0
5014928601 0 0 0
5014928601 0 0 0
5014928601 0 0 0
5014928601 0 0 0
5014928614 0 0 0
5014928614 0 0 0
5014928614 0 0 0
5014928614 0 0 0
5014928614 0 0 0
5014928627 0 0 0
5014928627 0 0 0
5014928627 0 0 0
5014928627 0 0 0
5014928627 0 0 0
5014928640 0 0 0
5014928640 0 0 0
5014928640 0 0 0
5014928640 0 0 0
5014928640 0 0 0
5014928653 0 0 0
5014928653 0 0 0
5014928653 0 0 0
5014928653 0 0 0
5014928653 0 0 0
5014928666 0 0 0
5014928666 0 0 0
5014928666 0 0 0
5014928666 0 0 0
5014928666 0 0 0
5014928679 0 0 0
5014928679 0 0 0
5014928679 0 0 0
5014928679 0 0 0
5014928679 0 0 0
5014928692 0 0 0
5014928692 0 0 0
5014928692 0 0 0
5014928692 0 0 0
5014928692 0 0 0
5014928705 0 0 0
5014928705 0 0 0
5014928705 0 0 0
5014928705 0 0 0
5014928705 0 0 0
5014928718 0 0 0
5014928718 0 0 0
5014928718 0 0 0
5014928718 0 0 0
5014928718 0 0 0
5014928731 0 0 0
5014928731 0 0 0
5014928731 0 0 0
5014928731 0 0 0
5014928731 0 0 0
5014928744 0 0 0
5014928744 0 0 0
5014928744 0 0 0
5014928744 0 0 0
5014928744 0 0 0
5014928757 3438 0 7
5014928757 3438 0 7
5014928757 3438 0 15
5014928757 3438 0 15
5014928757 3438 0 7
5014928770 0 0 0
5014928770 0 0 0
5014928770 0 0 0
5014928770 0 0 0
5014928770 0 0 0
5014928783 0 0 0
5014928783 0 0 0
5014928783 0 0 0
5014928783 0 0 0
5014928783 0 0 0
5014928796 0 0 0
5014928796 0 0 0
5014928796 0 0 0
5014928796 0 0 0
5014928796 0 0 0
5014928809 0 0 0
5014928809 0 0 0
5014928809 0 0 0
5014928809 0 0 0
5014928809 0 0 0
5014928822 0 0 0
5014928822 0 0 0
5014928822 0 0 0
5014928822 0 0 0
5014928822 0 0 0
5014928835 0 0 0
5014928835 0 0 0
5014928835 0 0 0
5014928835 0 0 0
5014928835 0 0 0
5014928848 0 0 0
5014928848 0 0 0
5014928848 0 0 0
5014928848 0 0 0
5014928848 0 0 0
5014928861 0 0 0
5014928861 0 0 0
5014928861 0 0 0
5014928861 0 0 0
5014928861 0 0 0
5014928874 0 0 0
5014928874 0 0 0
5014928874 0 0 0
5014928874 0 0 0
5014928874 0 0 0
5014928887 0 0 0
5014928887 0 0 0
5014928887 0 0 0
5014928887 0 0 0
5014928887 0 0 0
5014928900 0 0 0
5014928900 0 0 0
5014928900 0 0 0
5014928900 0 0 0
5014928900 0 0 0
5014928913 0 0 0
5014928913 0 0 0
5014928913 0 0 0
5014928913 0 0 0
5014928913 0 0 0
5014928926 0 0 0
5014928926 0 0 0
5014928926 0 0 0
5014928926 0 0 0
5014928926 0 0 0
5014928939 0 0 0
5014928939 0 0 0
5014928939 0 0 0
5014928939 0 0 0
5014928939 0 0 0
5014928952 0 0 0
5014928952 0 0 0
5014928952 0 0 0
5014928952 0 0 0
5014928952 0 0 0
5014928965 0 0 0
5014928965 0 0 0
5014928965 0 0 0
5014928965 0 0 0
5014928965 0 0 0
5014928978 0 0 0
5014928978 0 0 0
5014928978 0 0 0
5014928978 0 0 0
5014928978 0 0 0
5014928991 0 0 0
5014928991 0 0 0
5014928991 0 0 0
5014928991 0 0 0
5014928991 0 0 0
5014929004 0 0 0
5014929004 2807 0 15
5014929004 0 0 0
5014929004 2807 0 15
5014929004 2807 0 15
5014929017 2807 0 7
5014929017 0 0 0
5014929017 2807 0 15
5014929017 0 0 0
5014929017 0 0 0
5014929030 0 0 0
5014929030 0 0 0
5014929030 0 0 0
5014929030 0 0 0
5014929030 0 0 0
5014929043 0 0 0
5014929043 0 0 0
5014929043 0 0 0
5014929043 0 0 0
5014929043 0 0 0
5014929056 0 0 0
5014929056 0 0 0
5014929056 0 0 0
5014929056 0 0 0
5014929056 0 0 0
5014929069 0 0 0
5014929069 0 0 0
5014929069 0 0 0
5014929069 0 0 0
5014929069 0 0 0
5014929082 0 0 0
5014929082 0 0 0
5014929082 0 0 0
5014929082 0 0 0
5014929082 0 0 0
5014929095 0 0 0
5014929095 0 0 0
5014929095 0 0 0
5014929095 0 0 0
5014929095 0 0 0
5014929108 0 0 0
5014929108 0 0 0
5014929108 0 0 0
5014929108 0 0 0
5014929108 0 0 0
5014929121 0 0 0
5014929121 0 0 0
5014929121 0 0 0
5014929121 0 0 0
5014929121 0 0 0
5014929134 0 0 0
5014929134 0 0 0
5014929134 0 0 0
5014929134 0 0 0
5014929134 0 0 0
5014929147 0 0 0
5014929147 0 0 0
5014929147 0 0 0
5014929147 0 0 0
5014929147 0 0 0
5014929160 0 0 0
5014929160 0 0 0
5014929160 0 0 0
5014929160 0 0 0
5014929160 0 0 0
5014929173 0 0 0
5014929173 0 0 0
5014929173 0 0 0
5014929173 0 0 0
5014929173 0 0 0
5014929186 0 0 0
5014929186 0 0 0
5014929186 0 0 0
5014929186 0 0 0
5014929186 0 0 0
5014929199 0 0 0
5014929199 0 0 0
5014929199 0 0 0
5014929199 0 0 0
5014929199 0 0 0
5014929212 0 0 0
5014929212 0 0 0
5014929212 0 0 0
5014929212 0 0 0
5014929212 0 0 0
5014929225 0 0 0
5014929225 0 0 0
5014929225 0 0 0
5014929225 0 0 0
5014929225 0 0 0
5014929238 0 0 0
5014929238 0 0 0
5014929238 0 0 0
5014929238 0 0 0
5014929238 0 0 0
5014929251 0 0 0
5014929251 0 0 0
5014929251 0 0 0
5014929251 0 0 0
5014929251 0 0 0
5014929264 2315 0 7
5014929264 2315 0 7
5014929264 2315 0 7
5014929264 2315 0 7
5014929264 2315 0 7
5014929277 0 0 0
5014929277 0 0 0
5014929277 0 0 0
5014929277 0 0 0
5014929277 0 0 0
5014929290 0 0 0
5014929290 0 0 0
5014929290 0 0 0
5014929290 0 0 0
5014929290 0 0 0
5014929303 0 0 0
5014929303 0 0 0
5014929303 0 0 0
5014929303 0 0 0
5014929303 0 0 0
5014929316 0 0 0
5014929316 0 0 0
5014929316 0 0 0
5014929316 0 0 0
5014929316 0 0 0
5014929329 0 0 0
5014929329 0 0 0
5014929329 0 0 0
5014929329 0 0 0
5014929329 0 0 0
5014929342 0 0 0
5014929342 0 0 0
5014929342 0 0 0
5014929342 0 0 0
5014929342 0 0 0
5014929355 0 0 0
5014929355 0 0 0
5014929355 0 0 0
5014929355 0 0 0
5014929355 0 0 0
5014929368 0 0 0
5014929368 0 0 0
5014929368 0 0 0
5014929368 0 0 0
5014929368 0 0 0
5014929381 0 0 0
5014929381 0 0 0
5014929381 0 0 0
5014929381 0 0 0
5014929381 0 0 0
5014929394 0 0 0
5014929394 0 0 0
5014929394 0 0 0
5014929394 0 0 0
5014929394 0 0 0
5014929407 0 0 0
5014929407 0 0 0
5014929407 0 0 0
5014929407 0 0 0
5014929407 0 0 0
5014929420 0 0 0
5014929420 0 0 0
5014929420 0 0 0
5014929420 0 0 0
5014929420 0 0 0
5014929433 0 0 0
5014929433 0 0 0
5014929433 0 0 0
5014929433 0 0 0
5014929433 0 0 0
5014929446 0 0 0
5014929446 0 0 0
5014929446 0 0 0
5014929446 0 0 0
5014929446 0 0 0
5014929459 0 0 0
5014929459 0 0 0
5014929459 0 0 0
5014929459 0 0 0
5014929459 0 0 0
5014929472 0 0 0
5014929472 0 0 0
5014929472 0 0 0
5014929472 0 0 0
5014929472 0 0 0
5014929485 0 0 0
5014929485 0 0 0
5014929485 0 0 0
5014929485 0 0 0
5014929485 0 0 0
5014929498 0 0 0
5014929498 0 0 0
5014929498 0 0 0
5014929498 0 0 0
5014929498 0 0 0
5014929511 1874 0 7
5014929511 1874 0 7
5014929511 1874 0 7
5014929511 1874 0 7
5014929511 1874 0 7
5014929524 0 0 0
5014929524 0 0 0
5014929524 0 0 0
5014929524 0 0 0
5014929524 0 0 0
5014929537 0 0 0
5014929537 0 0 0
5014929537 0 0 0
5014929537 0 0 0
5014929537 0 0 0
5014929550 0 0 0
5014929550 0 0 0
5014929550 0 0 0
5014929550 0 0 0
5014929550 0 0 0
5014929563 0 0 0
5014929563 0 0 0
5014929563 0 0 0
5014929563 0 0 0
5014929563 0 0 0
5014929576 0 0 0
5014929576 0 0 0
5014929576 0 0 0
5014929576 0 0 0
5014929576 0 0 0
5014929589 0 0 0
5014929589 0 0 0
5014929589 0 0 0
5014929589 0 0 0
5014929589 0 0 0
5014929602 0 0 0
5014929602 0 0 0
5014929602 0 0 0
5014929602 0 0 0
5014929602 0 0 0
5014929615 0 0 0
5014929615 0 0 0
5014929615 0 0 0
5014929615 0 0 0
5014929615 0 0 0
5014929628 0 0 0
5014929628 0 0 0
5014929628 0 0 0
5014929628 0 0 0
5014929628 0 0 0
5014929641 0 0 0
5014929641 0 0 0
5014929641 0 0 0
5014929641 0 0 0
5014929641 0 0 0
5014929654 0 0 0
5014929654 0 0 0
5014929654 0 0 0
5014929654 0 0 0
5014929654 0 0 0
5014929667 0 0 0
5014929667 0 0 0
5014929667 0 0 0
5014929667 0 0 0
5014929667 0 0 0
5014929680 0 0 0
5014929680 0 0 0
5014929680 0 0 0
5014929680 0 0 0
5014929680 0 0 0
5014929693 0 0 0
5014929693 0 0 0
5014929693 0 0 0
5014929693 0 0 0
5014929693 0 0 0
5014929706 0 0 0
5014929706 0 0 0
5014929706 0 0 0
5014929706 0 0 0
5014929706 0 0 0
5014929719 0 0 0
5014929719 0 0 0
5014929719 0 0 0
5014929719 0 0 0
5014929719 0 0 0
5014929732 0 0 0
5014929732 0 0 0
5014929732 0 0 0
5014929732 0 0 0
5014929732 0 0 0
5014929745 0 0 0
5014929745 0 0 0
5014929745 0 0 0
5014929745 0 0 0
5014929745 0 0 0
5014929758 635 0 7
5014929758 1602 0 15
5014929758 0 0 0
5014929758 1602 0 7
5014929758 1602 0 7
5014929771 967 0 0
5014929771 0 0 0
5014929771 1602 0 15
5014929771 0 0 0
5014929771 0 0 0
5014929784 0 0 0
5014929784 0 0 0
5014929784 0 0 0
5014929784 0 0 0
5014929784 0 0 0
5014929797 0 0 0
5014929797 0 0 0
5014929797 0 0 0
5014929797 0 0 0
5014929797 0 0 0
5014929810 0 0 0
5014929810 0 0 0
5014929810 0 0 0
5014929810 0 0 0
5014929810 0 0 0
5014929823 0 0 0
5014929823 0 0 0
5014929823 0 0 0
5014929823 0 0 0
5014929823 0 0 0
5014929836 0 0 0
5014929836 0 0 0
5014929836 0 0 0
5014929836 0 0 0
5014929836 0 0 0
5014929849 0 0 0
5014929849 0 0 0
5014929849 0 0 0
5014929849 0 0 0
5014929849 0 0 0
5014929862 0 0 0
5014929862 0 0 0
5014929862 0 0 0
5014929862 0 0 0
5014929862 0 0 0
5014929875 0 0 0
5014929875 0 0 0
5014929875 0 0 0
5014929875 0 0 0
5014929875 0 0 0
5014929888 0 0 0
5014929888 0 0 0
5014929888 0 0 0
5014929888 0 0 0
5014929888 0 0 0
5014929901 0 0 0
5014929901 0 0 0
5014929901 0 0 0
5014929901 0 0 0
5014929901 0 0 0
5014929914 0 0 0
5014929914 0 0 0
5014929914 0 0 0
5014929914 0 0 0
5014929914 0 0 0
5014929927 0 0 0
5014929927 0 0 0
5014929927 0 0 0
5014929927 0 0 0
5014929927 0 0 0
5014929940 0 0 0
5014929940 0 0 0
5014929940 0 0 0
5014929940 0 0 0
5014929940 0 0 0
5014929953 0 0 0
5014929953 0 0 0
5014929953 0 0 0
5014929953 0 0 0
5014929953 0 0 0
5014929966 0 0 0
5014929966 0 0 0
5014929966 0 0 0
5014929966 0 0 0
5014929966 0 0 0
5014929979 0 0 0
5014929979 0 0 0
5014929979 0 0 0
5014929979 0 0 0
5014929979 0 0 0
5014929992 0 0 0
5014929992 0 0 0
5014929992 0 0 0
5014929992 0 0 0
5014929992 0 0 0
5014930005 0 0 0
5014930005 0 0 0
5014930005 0 0 0
5014930005 0 0 0
5014930005 0 0 0
5014930018 1252 0 7
5014930018 1252 0 7
5014930018 1252 0 7
5014930018 1252 0 7
5014930018 1252 0 15
5014930031 0 0 0
5014930031 0 0 0
5014930031 0 0 0
5014930031 0 0 0
5014930031 0 0 0
5014930044 0 0 0
5014930044 0 0 0
5014930044 0 0 0
5014930044 0 0 0
5014930044 0 0 0
5014930057 0 0 0
5014930057 0 0 0
5014930057 0 0 0
5014930057 0 0 0
5014930057 0 0 0
5014930070 0 0 0
5014930070 0 0 0
5014930070 0 0 0
5014930070 0 0 0
5014930070 0 0 0
5014930083 0 0 0
5014930083 0 0 0
5014930083 0 0 0
5014930083 0 0 0
5014930083 0 0 0
5014930096 0 0 0
5014930096 0 0 0
5014930096 0 0 0
5014930096 0 0 0
5014930096 0 0 0
5014930109 0 0 0
5014930109 0 0 0
5014930109 0 0 0
5014930109 0 0 0
5014930109 0 0 0
5014930122 0 0 0
5014930122 0 0 0
5014930122 0 0 0
5014930122 0 0 0
5014930122 0 0 0
5014930135 0 0 0
5014930135 0 0 0
5014930135 0 0 0
5014930135 0 0 0
5014930135 0 0 0
5014930148 0 0 0
5014930148 0 0 0
5014930148 0 0 0
5014930148 0 0 0
5014930148 0 0 0
5014930161 0 0 0
5014930161 0 0 0
5014930161 0 0 0
5014930161 0 0 0
5014930161 0 0 0
5014930174 0 0 0
5014930174 0 0 0
5014930174 0 0 0
5014930174 0 0 0
5014930174 0 0 0
5014930187 0 0 0
5014930187 0 0 0
5014930187 0 0 0
5014930187 0 0 0
5014930187 0 0 0
5014930200 0 0 0
5014930200 0 0 0
5014930200 0 0 0
5014930200 0 0 0
5014930200 0 0 0
5014930213 0 0 0
5014930213 0 0 0
5014930213 0 0 0
5014930213 0 0 0
5014930213 0 0 0
5014930226 0 0 0
5014930226 0 0 0
5014930226 0 0 0
5014930226 0 0 0
5014930226 0 0 0
5014930239 0 0 0
5014930239 0 0 0
5014930239 0 0 0
5014930239 0 0 0
5014930239 0 0 0
5014930252 0 0 0
5014930252 0 0 0
5014930252 0 0 0
5014930252 0 0 0
5014930252 0 0 0
5014930265 982 0 7
5014930265 982 0 7
5014930265 982 0 7
5014930265 982 0 7
5014930265 982 0 7
5014930278 0 0 0
5014930278 0 0 0
5014930278 0 0 0
5014930278 0 0 0
5014930278 0 0 0
5014930291 0 0 0
5014930291 0 0 0
5014930291 0 0 0
5014930291 0 0 0
5014930291 0 0 0
5014930304 0 0 0
5014930304 0 0 0
5014930304 0 0 0
5014930304 0 0 0
5014930304 0 0 0
5014930317 0 0 0
5014930317 0 0 0
5014930317 0 0 0
5014930317 0 0 0
5014930317 0 0 0
5014930330 0 0 0
5014930330 0 0 0
5014930330 0 0 0
5014930330 0 0 0
5014930330 0 0 0
5014930343 0 0 0
5014930343 0 0 0
5014930343 0 0 0
5014930343 0 0 0
5014930343 0 0 0
5014930356 0 0 0
5014930356 0 0 0
5014930356 0 0 0
5014930356 0 0 0
5014930356 0 0 0
5014930369 0 0 0
5014930369 0 0 0
5014930369 0 0 0
5014930369 0 0 0
5014930369 0 0 0
5014930382 0 0 0
5014930382 0 0 0
5014930382 0 0 0
5014930382 0 0 0
5014930382 0 0 0
5014930395 0 0 0
5014930395 0 0 0
5014930395 0 0 0
5014930395 0 0 0
5014930395 0 0 0
5014930408 0 0 0
5014930408 0 0 0
5014930408 0 0 0
5014930408 0 0 0
5014930408 0 0 0
5014930421 0 0 0
5014930421 0 0 0
5014930421 0 0 0
5014930421 0 0 0
5014930421 0 0 0
5014930434 0 0 0
5014930434 0 0 0
5014930434 0 0 0
5014930434 0 0 0
5014930434 0 0 0
5014930447 0 0 0
5014930447 0 0 0
5014930447 0 0 0
5014930447 0 0 0
5014930447 0 0 0
5014930460 0 0 0
5014930460 0 0 0
5014930460 0 0 0
5014930460 0 0 0
5014930460 0 0 0
5014930473 0 0 0
5014930473 0 0 0
5014930473 0 0 0
5014930473 0 0 0
5014930473 0 0 0
5014930486 0 0 0
5014930486 0 0 0
5014930486 0 0 0
5014930486 0 0 0
5014930486 0 0 0
5014930499 0 0 0
5014930499 0 0 0
5014930499 0 0 0
5014930499 0 0 0
5014930499 0 0 0
5014930512 897 0 7
5014930512 897 0 0
5014930512 0 0 0
5014930512 897 0 7
5014930512 897 0 0
5014930525 0 0 0
5014930525 0 0 0
5014930525 897 0 0
5014930525 0 0 0
5014930525 0 0 0
5014930538 0 0 0
5014930538 0 0 0
5014930538 0 0 0
5014930538 0 0 0
5014930538 0 0 0
5014930551 0 0 0
5014930551 0 0 0
5014930551 0 0 0
5014930551 0 0 0
5014930551 0 0 0
5014930564 0 0 0
5014930564 0 0 0
5014930564 0 0 0
5014930564 0 0 0
5014930564 0 0 0
5014930577 0 0 0
5014930577 0 0 0
5014930577 0 0 0
5014930577 0 0 0
5014930577 0 0 0
5014930590 0 0 0
5014930590 0 0 0
5014930590 0 0 0
5014930590 0 0 0
5014930590 0 0 0
5014930603 0 0 0
5014930603 0 0 0
5014930603 0 0 0
5014930603 0 0 0
5014930603 0 0 0
5014930616 0 0 0
5014930616 0 0 0
5014930616 0 0 0
5014930616 0 0 0
5014930616 0 0 0
5014930629 0 0 0
5014930629 0 0 0
5014930629 0 0 0
5014930629 0 0 0
5014930629 0 0 0
5014930642 0 0 0
5014930642 0 0 0
5014930642 0 0 0
5014930642 0 0 0
5014930642 0 0 0
5014930655 0 0 0
5014930655 0 0 0
5014930655 0 0 0
5014930655 0 0 0
5014930655 0 0 0
5014930668 0 0 0
5014930668 0 0 0
5014930668 0 0 0
5014930668 0 0 0
5014930668 0 0 0
5014930681 0 0 0
5014930681 0 0 0
5014930681 0 0 0
5014930681 0 0 0
5014930681 0 0 0
5014930694 0 0 0
5014930694 0 0 0
5014930694 0 0 0
5014930694 0 0 0
5014930694 0 0 0
5014930707 0 0 0
5014930707 0 0 0
5014930707 0 0 0
5014930707 0 0 0
5014930707 0 0 0
5014930720 0 0 0
5014930720 0 0 0
5014930720 0 0 0
5014930720 0 0 0
5014930720 0 0 0
5014930733 0 0 0
5014930733 0 0 0
5014930733 0 0 0
5014930733 0 0 0
5014930733 0 0 0
5014930746 0 0 0
5014930746 0 0 0
5014930746 0 0 0
5014930746 0 0 0
5014930746 0 0 0
5014930759 0 0 0
5014930759 0 0 0
5014930759 0 0 0
5014930759 0 0 0
5014930759 721 0 7
5014930772 721 0 7
5014930772 721 0 7
5014930772 721 0 7
5014930772 721 0 7
5014930772 0 0 0
5014930785 0 0 0
5014930785 0 0 0
5014930785 0 0 0
5014930785 0 0 0
5014930785 0 0 0
5014930798 0 0 0
5014930798 0 0 0
5014930798 0 0 0
5014930798 0 0 0
5014930798 0 0 0
5014930811 0 0 0
5014930811 0 0 0
5014930811 0 0 0
5014930811 0 0 0
5014930811 0 0 0
5014930824 0 0 0
5014930824 0 0 0
5014930824 0 0 0
5014930824 0 0 0
5014930824 0 0 0
5014930837 0 0 0
5014930837 0 0 0
5014930837 0 0 0
5014930837 0 0 0
5014930837 0 0 0
5014930850 0 0 0
5014930850 0 0 0
5014930850 0 0 0
5014930850 0 0 0
5014930850 0 0 0
5014930863 0 0 0
5014930863 0 0 0
5014930863 0 0 0
5014930863 0 0 0
5014930863 0 0 0
5014930876 0 0 0
5014930876 0 0 0
5014930876 0 0 0
5014930876 0 0 0
5014930876 0 0 0
5014930889 0 0 0
5014930889 0 0 0
5014930889 0 0 0
5014930889 0 0 0
5014930889 0 0 0
5014930902 0 0 0
5014930902 0 0 0
5014930902 0 0 0
5014930902 0 0 0
5014930902 0 0 0
5014930915 0 0 0
5014930915 0 0 0
5014930915 0 0 0
5014930915 0 0 0
5014930915 0 0 0
5014930928 0 0 0
5014930928 0 0 0
5014930928 0 0 0
5014930928 0 0 0
5014930928 0 0 0
5014930941 0 0 0
5014930941 0 0 0
5014930941 0 0 0
5014930941 0 0 0
5014930941 0 0 0
5014930954 0 0 0
5014930954 0 0 0
5014930954 0 0 0
5014930954 0 0 0
5014930954 0 0 0
5014930967 0 0 0
5014930967 0 0 0
5014930967 0 0 0
5014930967 0 0 0
5014930967 0 0 0
5014930980 0 0 0
5014930980 0 0 0
5014930980 0 0 0
5014930980 0 0 0
5014930980 0 0 0
5014930993 0 0 0
5014930993 0 0 0
5014930993 0 0 0
5014930993 0 0 0
5014930993 0 0 0
5014931006 0 0 0
5014931006 0 0 0
5014931006 0 0 0
5014931006 0 0 0
5014931006 0 0 0
5014931019 621 0 0
5014931019 621 0 0
5014931019 621 0 7
5014931019 621 0 0
5014931019 621 0 7
5014931032 0 0 0
5014931032 0 0 0
5014931032 0 0 0
5014931032 0 0 0
5014931032 0 0 0
5014931045 0 0 0
5014931045 0 0 0
5014931045 0 0 0
5014931045 0 0 0
5014931045 0 0 0
5014931058 0 0 0
5014931058 0 0 0
5014931058 0 0 0
5014931058 0 0 0
5014931058 0 0 0
5014931071 0 0 0
5014931071 0 0 0
5014931071 0 0 0
5014931071 0 0 0
5014931071 0 0 0
5014931084 0 0 0
5014931084 0 0 0
5014931084 0 0 0
5014931084 0 0 0
5014931084 0 0 0
5014931097 0 0 0
5014931097 0 0 0
5014931097 0 0 0
5014931097 0 0 0
5014931097 0 0 0
5014931110 0 0 0
5014931110 0 0 0
5014931110 0 0 0
5014931110 0 0 0
5014931110 0 0 0
5014931123 0 0 0
5014931123 0 0 0
5014931123 0 0 0
5014931123 0 0 0
5014931123 0 0 0
5014931136 0 0 0
5014931136 0 0 0
5014931136 0 0 0
5014931136 0 0 0
5014931136 0 0 0
5014931149 0 0 0
5014931149 0 0 0
5014931149 0 0 0
5014931149 0 0 0
5014931149 0 0 0
5014931162 0 0 0
5014931162 0 0 0
5014931162 0 0 0
5014931162 0 0 0
5014931162 0 0 0
5014931175 0 0 0
5014931175 0 0 0
5014931175 0 0 0
5014931175 0 0 0
5014931175 0 0 0
5014931188 0 0 0
5014931188 0 0 0
5014931188 0 0 0
5014931188 0 0 0
5014931188 0 0 0
5014931201 0 0 0
5014931201 0 0 0
5014931201 0 0 0
5014931201 0 0 0
5014931201 0 0 0
5014931214 0 0 0
5014931214 0 0 0
5014931214 0 0 0
5014931214 0 0 0
5014931214 0 0 0
5014931227 0 0 0
5014931227 0 0 0
5014931227 0 0 0
5014931227 0 0 0
5014931227 0 0 0
5014931240 0 0 0
5014931240 0 0 0
5014931240 0 0 0
5014931240 0 0 0
5014931240 0 0 0
5014931253 0 0 0
5014931253 0 0 0
5014931253 0 0 0
5014931253 0 0 0
5014931253 0 0 0
5014931266 481 0 7
5014931266 481 0 7
5014931266 481 0 0
5014931266 481 0 7
5014931266 481 0 0
5014931279 0 0 0
5014931279 0 0 0
5014931279 0 0 0
5014931279 0 0 0
5014931279 0 0 0
5014931292 0 0 0
5014931292 0 0 0
5014931292 0 0 0
5014931292 0 0 0
5014931292 0 0 0
5014931305 0 0 0
5014931305 0 0 0
5014931305 0 0 0
5014931305 0 0 0
5014931305 0 0 0
5014931318 0 0 0
5014931318 0 0 0
5014931318 0 0 0
5014931318 0 0 0
5014931318 0 0 0
5014931331 0 0 0
5014931331 0 0 0
5014931331 0 0 0
5014931331 0 0 0
5014931331 0 0 0
5014931344 0 0 0
5014931344 0 0 0
5014931344 0 0 0
5014931344 0 0 0
5014931344 0 0 0
5014931357 0 0 0
5014931357 0 0 0
5014931357 0 0 0
5014931357 0 0 0
5014931357 0 0 0
5014931370 0 0 0
5014931370 0 0 0
5014931370 0 0 0
5014931370 0 0 0
5014931370 0 0 0
5014931383 0 0 0
5014931383 0 0 0
5014931383 0 0 0
5014931383 0 0 0
5014931383 0 0 0
5014931396 0 0 0
5014931396 0 0 0
5014931396 0 0 0
5014931396 0 0 0
5014931396 0 0 0
5014931409 0 0 0
5014931409 0 0 0
5014931409 0 0 0
5014931409 0 0 0
5014931409 0 0 0
5014931422 0 0 0
5014931422 0 0 0
5014931422 0 0 0
5014931422 0 0 0
5014931422 0 0 0
5014931435 0 0 0
5014931435 0 0 0
5014931435 0 0 0
5014931435 0 0 0
5014931435 0 0 0
5014931448 0 0 0
5014931448 0 0 0
5014931448 0 0 0
5014931448 0 0 0
5014931448 0 0 0
5014931461 0 0 0
5014931461 0 0 0
5014931461 0 0 0
5014931461 0 0 0
5014931461 0 0 0
5014931474 0 0 0
5014931474 0 0 0
5014931474 0 0 0
5014931474 0 0 0
5014931474 0 0 0
5014931487 0 0 0
5014931487 0 0 0
5014931487 0 0 0
5014931487 0 0 0
5014931487 0 0 0
5014931500 0 0 0
5014931500 0 0 0
5014931500 0 0 0
5014931500 0 0 0
5014931500 0 0 0
5014931513 0 0 0
5014931513 398 0 0
5014931513 0 0 0
5014931513 398 0 0
5014931513 398 0 7
5014931526 398 0 0
5014931526 0 0 0
5014931526 398 0 0
5014931526 0 0 0
5014931526 0 0 0
5014931539 0 0 0
5014931539 0 0 0
5014931539 0 0 0
5014931539 0 0 0
5014931539 0 0 0
5014931552 0 0 0
5014931552 0 0 0
5014931552 0 0 0
5014931552 0 0 0
5014931552 0 0 0
5014931565 0 0 0
5014931565 0 0 0
5014931565 0 0 0
5014931565 0 0 0
5014931565 0 0 0
5014931578 0 0 0
5014931578 0 0 0
5014931578 0 0 0
5014931578 0 0 0
5014931578 0 0 0
5014931591 0 0 0
5014931591 0 0 0
5014931591 0 0 0
5014931591 0 0 0
5014931591 0 0 0
5014931604 0 0 0
5014931604 0 0 0
5014931604 0 0 0
5014931604 0 0 0
5014931604 0 0 0
5014931617 0 0 0
5014931617 0 0 0
5014931617 0 0 0
5014931617 0 0 0
5014931617 0 0 0
5014931630 0 0 0
5014931630 0 0 0
5014931630 0 0 0
5014931630 0 0 0
5014931630 0 0 0
5014931643 0 0 0
5014931643 0 0 0
5014931643 0 0 0
5014931643 0 0 0
5014931643 0 0 0
5014931656 0 0 0
5014931656 0 0 0
5014931656 0 0 0
5014931656 0 0 0
5014931656 0 0 0
5014931669 0 0 0
5014931669 0 0 0
5014931669 0 0 0
5014931669 0 0 0
5014931669 0 0 0
5014931682 0 0 0
5014931682 0 0 0
5014931682 0 0 0
5014931682 0 0 0
5014931682 0 0 0
5014931695 0 0 0
5014931695 0 0 0
5014931695 0 0 0
5014931695 0 0 0
5014931695 0 0 0
5014931708 0 0 0
5014931708 0 0 0
5014931708 0 0 0
5014931708 0 0 0
5014931708 0 0 0
5014931721 0 0 0
5014931721 0 0 0
5014931721 0 0 0
5014931721 0 0 0
5014931721 0 0 0
5014931734 0 0 0
5014931734 0 0 0
5014931734 0 0 0
5014931734 0 0 0
5014931734 0 0 0
5014931747 0 0 0
5014931747 0 0 0
5014931747 0 0 0
5014931747 0 0 0
5014931747 0 0 0
5014931760 0 0 0
5014931760 0 0 0
5014931760 0 0 0
5014931760 0 0 0
5014931760 0 0 0
5014931773 347 0 7
5014931773 347 0 7
5014931773 347 0 0
5014931773 347 0 7
5014931773 347 0 0
5014931786 0 0 0
5014931786 0 0 0
5014931786 0 0 0
5014931786 0 0 0
5014931786 0 0 0
5014931799 0 0 0
5014931799 0 0 0
5014931799 0 0 0
5014931799 0 0 0
5014931799 0 0 0
5014931812 0 0 0
5014931812 0 0 0
5014931812 0 0 0
5014931812 0 0 0
5014931812 0 0 0
5014931825 0 0 0
5014931825 0 0 0
5014931825 0 0 0
5014931825 0 0 0
5014931825 0 0 0
5014931838 0 0 0
5014931838 0 0 0
5014931838 0 0 0
5014931838 0 0 0
5014931838 0 0 0
5014931851 0 0 0
5014931851 0 0 0
5014931851 0 0 0
5014931851 0 0 0
5014931851 0 0 0
5014931864 0 0 0
5014931864 0 0 0
5014931864 0 0 0
5014931864 0 0 0
5014931864 0 0 0
5014931877 0 0 0
5014931877 0 0 0
5014931877 0 0 0
5014931877 0 0 0
5014931877 0 0 0
5014931890 0 0 0
5014931890 0 0 0
5014931890 0 0 0
5014931890 0 0 0
5014931890 0 0 0
5014931903 0 0 0
5014931903 0 0 0
5014931903 0 0 0
5014931903 0 0 0
5014931903 0 0 0
5014931916 0 0 0
5014931916 0 0 0
5014931916 0 0 0
5014931916 0 0 0
5014931916 0 0 0
5014931929 0 0 0
5014931929 0 0 0
5014931929 0 0 0
5014931929 0 0 0
5014931929 0 0 0
5014931942 0 0 0
5014931942 0 0 0
5014931942 0 0 0
5014931942 0 0 0
5014931942 0 0 0
5014931955 0 0 0
5014931955 0 0 0
5014931955 0 0 0
5014931955 0 0 0
5014931955 0 0 0
5014931968 0 0 0
5014931968 0 0 0
5014931968 0 0 0
5014931968 0 0 0
5014931968 0 0 0
5014931981 0 0 0
5014931981 0 0 0
5014931981 0 0 0
5014931981 0 0 0
5014931981 0 0 0
5014931994 0 0 0
5014931994 0 0 0
5014931994 0 0 0
5014931994 0 0 0
5014931994 0 0 0
5014932007 0 0 0
5014932007 0 0 0
5014932007 0 0 0
5014932007 0 0 0
5014932007 0 0 0
5014932020 249 0 0
5014932020 249 0 0
5014932020 249 0 0
5014932020 249 0 0
5014932020 249 0 0
5014932033 0 0 0
5014932033 0 0 0
5014932033 0 0 0
5014932033 0 0 0
5014932033 0 0 0
5014932046 0 0 0
5014932046 0 0 0
5014932046 0 0 0
5014932046 0 0 0
5014932046 0 0 0
5014932059 0 0 0
5014932059 0 0 0
5014932059 0 0 0
5014932059 0 0 0
5014932059 0 0 0
5014932072 0 0 0
5014932072 0 0 0
5014932072 0 0 0
5014932072 0 0 0
5014932072 0 0 0
5014932085 0 0 0
5014932085 0 0 0
5014932085 0 0 0
5014932085 0 0 0
5014932085 0 0 0
5014932098 0 0 0
5014932098 0 0 0
5014932098 0 0 0
5014932098 0 0 0
5014932098 0 0 0
5014932111 0 0 0
5014932111 0 0 0
5014932111 0 0 0
5014932111 0 0 0
5014932111 0 0 0
5014932124 0 0 0
5014932124 0 0 0
5014932124 0 0 0
5014932124 0 0 0
5014932124 0 0 0
5014932137 0 0 0
5014932137 0 0 0
5014932137 0 0 0
5014932137 0 0 0
5014932137 0 0 0
5014932150 0 0 0
5014932150 0 0 0
5014932150 0 0 0
5014932150 0 0 0
5014932150 0 0 0
5014932163 0 0 0
5014932163 0 0 0
5014932163 0 0 0
5014932163 0 0 0
5014932163 0 0 0
5014932176 0 0 0
5014932176 0 0 0
5014932176 0 0 0
5014932176 0 0 0
5014932176 0 0 0
5014932189 0 0 0
5014932189 0 0 0
5014932189 0 0 0
5014932189 0 0 0
5014932189 0 0 0
5014932202 0 0 0
5014932202 0 0 0
5014932202 0 0 0
5014932202 0 0 0
5014932202 0 0 0
5014932215 0 0 0
5014932215 0 0 0
5014932215 0 0 0
5014932215 0 0 0
5014932215 0 0 0
5014932228 0 0 0
5014932228 0 0 0
5014932228 0 0 0
5014932228 0 0 0
5014932228 0 0 0
5014932241 0 0 0
5014932241 0 0 0
5014932241 0 0 0
5014932241 0 0 0
5014932241 0 0 0
5014932254 0 0 0
5014932254 0 0 0
5014932254 0 0 0
5014932254 0 0 0
5014932254 0 0 0
5014932267 237 0 7
5014932267 237 0 7
5014932267 237 0 7
5014932267 237 0 0
5014932267 237 0 7
5014932280 0 0 0
5014932280 0 0 0
5014932280 0 0 0
5014932280 0 0 0
5014932280 0 0 0
5014932293 0 0 0
5014932293 0 0 0
5014932293 0 0 0
5014932293 0 0 0
5014932293 0 0 0
5014932306 0 0 0
5014932306 0 0 0
5014932306 0 0 0
5014932306 0 0 0
5014932306 0 0 0
5014932319 0 0 0
5014932319 0 0 0
5014932319 0 0 0
5014932319 0 0 0
5014932319 0 0 0
5014932332 0 0 0
5014932332 0 0 0
5014932332 0 0 0
5014932332 0 0 0
5014932332 0 0 0
5014932345 0 0 0
5014932345 0 0 0
5014932345 0 0 0
5014932345 0 0 0
5014932345 0 0 0
5014932358 0 0 0
5014932358 0 0 0
5014932358 0 0 0
5014932358 0 0 0
5014932358 0 0 0
5014932371 0 0 0
5014932371 0 0 0
5014932371 0 0 0
5014932371 0 0 0
5014932371 0 0 0
5014932384 0 0 0
5014932384 0 0 0
5014932384 0 0 0
5014932384 0 0 0
5014932384 0 0 0
5014932397 0 0 0
5014932397 0 0 0
5014932397 0 0 0
5014932397 0 0 0
5014932397 0 0 0
5014932410 0 0 0
5014932410 0 0 0
5014932410 0 0 0
5014932410 0 0 0
5014932410 0 0 0
5014932423 0 0 0
5014932423 0 0 0
5014932423 0 0 0
5014932423 0 0 0
5014932423 0 0 0
5014932436 0 0 0
5014932436 0 0 0
5014932436 0 0 0
5014932436 0 0 0
5014932436 0 0 0
5014932449 0 0 0
5014932449 0 0 0
5014932449 0 0 0
5014932449 0 0 0
5014932449 0 0 0
5014932462 0 0 0
5014932462 0 0 0
5014932462 0 0 0
5014932462 0 0 0
5014932462 0 0 0
5014932475 0 0 0
5014932475 0 0 0
5014932475 0 0 0
5014932475 0 0 0
5014932475 0 0 0
5014932488 0 0 0
5014932488 0 0 0
5014932488 0 0 0
5014932488 0 0 0
5014932488 0 0 0
5014932501 0 0 0
5014932501 0 0 0
5014932501 0 0 0
5014932501 0 0 0
5014932501 0 0 0
5014932516 0 0 6
5014932516 0 0 20
5014932516 0 0 0
5014932516 0 0 26
5014932516 0 0 26
read 1935 profiled data
