5014834757 10964 0 0
5014834757 25253 0 0
5014834769 0 0 0
5014834769 21380 0 83
5014834782 0 0 0
5014834782 0 0 0
5014834795 0 0 0
5014834795 0 0 0
5014834808 0 0 0
5014834808 0 0 0
5014834821 0 0 0
5014834821 0 0 0
5014834834 0 0 0
5014834834 0 0 0
5014834847 0 0 0
5014834847 0 0 0
5014834860 0 0 0
5014834860 0 0 0
5014834873 0 0 0
5014834873 0 0 0
5014834886 0 0 0
5014834886 0 0 0
5014834899 0 0 0
5014834899 0 0 0
5014834912 0 0 0
5014834912 0 0 0
5014834925 0 0 0
5014834925 0 0 0
5014834938 0 0 0
5014834938 0 0 0
5014834951 0 0 0
5014834951 0 0 0
5014834964 0 0 0
5014834964 0 0 0
5014834977 0 0 0
5014834977 0 0 0
5014834990 0 0 0
5014834990 0 0 0
5014835003 7517 0 30
5014835003 0 0 0
5014835016 1901 0 0
5014835016 0 0 0
5014835029 0 0 0
5014835029 26947 0 92
5014835042 0 0 0
5014835042 10585 0 30
5014835055 0 0 0
5014835055 0 0 0
5014835068 0 0 0
5014835068 0 0 0
5014835081 0 0 0
5014835081 0 0 0
5014835094 0 0 0
5014835094 0 0 0
5014835107 0 0 0
5014835107 0 0 0
5014835120 0 0 0
5014835120 0 0 0
5014835133 0 0 0
5014835133 0 0 0
5014835146 0 0 0
5014835146 0 0 0
5014835159 0 0 0
5014835159 0 0 0
5014835172 0 0 0
5014835172 0 0 0
5014835185 0 0 0
5014835185 0 0 0
5014835198 0 0 0
5014835198 0 0 0
5014835211 0 0 0
5014835211 0 0 0
5014835224 0 0 0
5014835224 0 0 0
5014835237 0 0 0
5014835237 0 0 0
5014835250 0 0 0
5014835250 0 0 0
5014835263 9073 0 38
5014835263 0 0 0
5014835276 0 0 0
5014835276 0 0 0
5014835289 0 0 0
5014835289 12162 0 46
5014835302 0 0 0
5014835302 18717 0 53
5014835315 0 0 0
5014835315 0 0 0
5014835328 0 0 0
5014835328 0 0 0
5014835341 0 0 0
5014835341 0 0 0
5014835354 0 0 0
5014835354 0 0 0
5014835367 0 0 0
5014835367 0 0 0
5014835380 0 0 0
5014835380 0 0 0
5014835393 0 0 0
5014835393 0 0 0
5014835406 0 0 0
5014835406 0 0 0
5014835419 0 0 0
5014835419 0 0 0
5014835432 0 0 0
5014835432 0 0 0
5014835445 0 0 0
5014835445 0 0 0
5014835458 0 0 0
5014835458 0 0 0
5014835471 0 0 0
5014835471 0 0 0
5014835484 0 0 0
5014835484 0 0 0
5014835497 0 0 0
5014835497 0 0 0
5014835510 3744 0 15
5014835510 0 0 0
5014835523 4991 0 15
5014835523 0 0 0
5014835536 0 0 0
5014835536 0 0 0
5014835549 0 0 0
5014835549 4249 0 23
5014835562 0 0 0
5014835562 21240 0 69
5014835575 0 0 0
5014835575 0 0 0
5014835588 0 0 0
5014835588 0 0 0
5014835601 0 0 0
5014835601 0 0 0
5014835614 0 0 0
5014835614 0 0 0
5014835627 0 0 0
5014835627 0 0 0
5014835640 0 0 0
5014835640 0 0 0
5014835653 0 0 0
5014835653 0 0 0
5014835666 0 0 0
5014835666 0 0 0
5014835679 0 0 0
5014835679 0 0 0
5014835692 0 0 0
5014835692 0 0 0
5014835705 0 0 0
5014835705 0 0 0
5014835718 0 0 0
5014835718 0 0 0
5014835731 0 0 0
5014835731 0 0 0
5014835744 0 0 0
5014835744 0 0 0
5014835757 0 0 0
5014835757 0 0 0
5014835770 8442 0 30
5014835770 0 0 0
5014835783 0 0 0
5014835783 0 0 0
5014835796 0 0 0
5014835796 0 0 0
5014835809 0 0 0
5014835809 1759 0 7
5014835822 0 0 0
5014835822 19535 0 76
5014835835 0 0 0
5014835835 0 0 0
5014835848 0 0 0
5014835848 0 0 0
5014835861 0 0 0
5014835861 0 0 0
5014835874 0 0 0
5014835874 0 0 0
5014835887 0 0 0
5014835887 0 0 0
5014835900 0 0 0
5014835900 0 0 0
5014835913 0 0 0
5014835913 0 0 0
5014835926 0 0 0
5014835926 0 0 0
5014835939 0 0 0
5014835939 0 0 0
5014835952 0 0 0
5014835952 0 0 0
5014835965 0 0 0
5014835965 0 0 0
5014835978 0 0 0
5014835978 0 0 0
5014835991 0 0 0
5014835991 0 0 0
5014836004 0 0 0
5014836004 0 0 0
5014836017 469 0 7
5014836017 0 0 0
5014836030 8092 0 23
5014836030 0 0 0
5014836043 0 0 0
5014836043 0 0 0
5014836056 0 0 0
5014836056 0 0 0
5014836069 0 0 0
5014836069 0 0 0
5014836082 0 0 0
5014836082 17574 0 61
5014836095 0 0 0
5014836095 0 0 0
5014836108 0 0 0
5014836108 0 0 0
5014836121 0 0 0
5014836121 0 0 0
5014836134 0 0 0
5014836134 0 0 0
5014836147 0 0 0
5014836147 0 0 0
5014836160 0 0 0
5014836160 0 0 0
5014836173 0 0 0
5014836173 0 0 0
5014836186 0 0 0
5014836186 0 0 0
5014836199 0 0 0
5014836199 0 0 0
5014836212 0 0 0
5014836212 0 0 0
5014836225 0 0 0
5014836225 0 0 0
5014836238 0 0 0
5014836238 0 0 0
5014836251 0 0 0
5014836251 0 0 0
5014836264 0 0 0
5014836264 0 0 0
5014836277 7767 0 30
5014836277 0 0 0
5014836290 0 0 0
5014836290 0 0 0
5014836303 0 0 0
5014836303 0 0 0
5014836316 0 0 0
5014836316 0 0 0
5014836329 0 0 0
5014836329 1743 0 15
5014836342 0 0 0
5014836342 12649 0 46
5014836355 0 0 0
5014836355 0 0 0
5014836368 0 0 0
5014836368 0 0 0
5014836381 0 0 0
5014836381 0 0 0
5014836394 0 0 0
5014836394 0 0 0
5014836407 0 0 0
5014836407 0 0 0
5014836420 0 0 0
5014836420 0 0 0
5014836433 0 0 0
5014836433 0 0 0
5014836446 0 0 0
5014836446 0 0 0
5014836459 0 0 0
5014836459 0 0 0
5014836472 0 0 0
5014836472 0 0 0
5014836485 0 0 0
5014836485 0 0 0
5014836498 0 0 0
5014836498 0 0 0
5014836511 0 0 0
5014836511 0 0 0
5014836524 0 0 0
5014836524 0 0 0
5014836537 7473 0 23
5014836537 0 0 0
5014836550 0 0 0
5014836550 0 0 0
5014836563 0 0 0
5014836563 0 0 0
5014836576 0 0 0
5014836576 0 0 0
5014836589 0 0 0
5014836589 4598 0 30
5014836602 0 0 0
5014836602 7335 0 23
5014836615 0 0 0
5014836615 0 0 0
5014836628 0 0 0
5014836628 0 0 0
5014836641 0 0 0
5014836641 0 0 0
5014836654 0 0 0
5014836654 0 0 0
5014836667 0 0 0
5014836667 0 0 0
5014836680 0 0 0
5014836680 0 0 0
5014836693 0 0 0
5014836693 0 0 0
5014836706 0 0 0
5014836706 0 0 0
5014836719 0 0 0
5014836719 0 0 0
5014836732 0 0 0
5014836732 0 0 0
5014836745 0 0 0
5014836745 0 0 0
5014836758 0 0 0
5014836758 0 0 0
5014836771 0 0 0
5014836771 0 0 0
5014836784 7169 0 30
5014836784 0 0 0
5014836797 0 0 0
5014836797 0 0 0
5014836810 0 0 0
5014836810 0 0 0
5014836823 0 0 0
5014836823 0 0 0
5014836836 0 0 0
5014836836 0 0 0
5014836849 0 0 0
5014836849 9944 0 46
5014836862 0 0 0
5014836862 0 0 0
5014836875 0 0 0
5014836875 0 0 0
5014836888 0 0 0
5014836888 0 0 0
5014836901 0 0 0
5014836901 0 0 0
5014836914 0 0 0
5014836914 0 0 0
5014836927 0 0 0
5014836927 0 0 0
5014836940 0 0 0
5014836940 0 0 0
5014836953 0 0 0
5014836953 0 0 0
5014836966 0 0 0
5014836966 0 0 0
5014836979 0 0 0
5014836979 0 0 0
5014836992 0 0 0
5014836992 0 0 0
5014837005 0 0 0
5014837005 0 0 0
5014837018 0 0 0
5014837018 0 0 0
5014837031 0 0 0
5014837031 0 0 0
5014837044 7030 0 23
5014837044 0 0 0
5014837057 0 0 0
5014837057 0 0 0
5014837070 0 0 0
5014837070 0 0 0
5014837083 0 0 0
5014837083 0 0 0
5014837096 0 0 0
5014837096 0 0 0
5014837109 0 0 0
5014837109 8112 0 30
5014837122 0 0 0
5014837122 0 0 0
5014837135 0 0 0
5014837135 0 0 0
5014837148 0 0 0
5014837148 0 0 0
5014837161 0 0 0
5014837161 0 0 0
5014837174 0 0 0
5014837174 0 0 0
5014837187 0 0 0
5014837187 0 0 0
5014837200 0 0 0
5014837200 0 0 0
5014837213 0 0 0
5014837213 0 0 0
5014837226 0 0 0
5014837226 0 0 0
5014837239 0 0 0
5014837239 0 0 0
5014837252 0 0 0
5014837252 0 0 0
5014837265 0 0 0
5014837265 0 0 0
5014837278 0 0 0
5014837278 0 0 0
5014837291 6593 0 23
5014837291 0 0 0
5014837304 0 0 0
5014837304 0 0 0
5014837317 0 0 0
5014837317 0 0 0
5014837330 0 0 0
5014837330 0 0 0
5014837343 0 0 0
5014837343 0 0 0
5014837356 0 0 0
5014837356 5099 0 30
5014837369 0 0 0
5014837369 1587 0 7
5014837382 0 0 0
5014837382 0 0 0
5014837395 0 0 0
5014837395 0 0 0
5014837408 0 0 0
5014837408 0 0 0
5014837421 0 0 0
5014837421 0 0 0
5014837434 0 0 0
5014837434 0 0 0
5014837447 0 0 0
5014837447 0 0 0
5014837460 0 0 0
5014837460 0 0 0
5014837473 0 0 0
5014837473 0 0 0
5014837486 0 0 0
5014837486 0 0 0
5014837499 0 0 0
5014837499 0 0 0
5014837512 0 0 0
5014837512 0 0 0
5014837525 0 0 0
5014837525 0 0 0
5014837538 940 0 7
5014837538 0 0 0
5014837551 5507 0 15
5014837551 0 0 0
5014837564 0 0 0
5014837564 0 0 0
5014837577 0 0 0
5014837577 0 0 0
5014837590 0 0 0
5014837590 0 0 0
5014837603 0 0 0
5014837603 0 0 0
5014837616 0 0 0
5014837616 5524 0 30
5014837629 0 0 0
5014837629 0 0 0
5014837642 0 0 0
5014837642 0 0 0
5014837655 0 0 0
5014837655 0 0 0
5014837668 0 0 0
5014837668 0 0 0
5014837681 0 0 0
5014837681 0 0 0
5014837694 0 0 0
5014837694 0 0 0
5014837707 0 0 0
5014837707 0 0 0
5014837720 0 0 0
5014837720 0 0 0
5014837733 0 0 0
5014837733 0 0 0
5014837746 0 0 0
5014837746 0 0 0
5014837759 0 0 0
5014837759 0 0 0
5014837772 0 0 0
5014837772 0 0 0
5014837785 0 0 0
5014837785 0 0 0
5014837798 6166 0 23
5014837798 0 0 0
5014837811 0 0 0
5014837811 0 0 0
5014837824 0 0 0
5014837824 0 0 0
5014837837 0 0 0
5014837837 0 0 0
5014837850 0 0 0
5014837850 0 0 0
5014837863 0 0 0
5014837863 2536 0 15
5014837876 0 0 0
5014837876 2097 0 7
5014837889 0 0 0
5014837889 0 0 0
5014837902 0 0 0
5014837902 0 0 0
5014837915 0 0 0
5014837915 0 0 0
5014837928 0 0 0
5014837928 0 0 0
5014837941 0 0 0
5014837941 0 0 0
5014837954 0 0 0
5014837954 0 0 0
5014837967 0 0 0
5014837967 0 0 0
5014837980 0 0 0
5014837980 0 0 0
5014837993 0 0 0
5014837993 0 0 0
5014838006 0 0 0
5014838006 0 0 0
5014838019 0 0 0
5014838019 0 0 0
5014838032 0 0 0
5014838032 0 0 0
5014838045 3520 0 15
5014838045 0 0 0
5014838058 2488 0 7
5014838058 0 0 0
5014838071 0 0 0
5014838071 0 0 0
5014838084 0 0 0
5014838084 0 0 0
5014838097 0 0 0
5014838097 0 0 0
5014838110 0 0 0
5014838110 0 0 0
5014838123 0 0 0
5014838123 3823 0 23
5014838136 0 0 0
5014838136 0 0 0
5014838149 0 0 0
5014838149 0 0 0
5014838162 0 0 0
5014838162 0 0 0
5014838175 0 0 0
5014838175 0 0 0
5014838188 0 0 0
5014838188 0 0 0
5014838201 0 0 0
5014838201 0 0 0
5014838214 0 0 0
5014838214 0 0 0
5014838227 0 0 0
5014838227 0 0 0
5014838240 0 0 0
5014838240 0 0 0
5014838253 0 0 0
5014838253 0 0 0
5014838266 0 0 0
5014838266 0 0 0
5014838279 0 0 0
5014838279 0 0 0
5014838292 0 0 0
5014838292 0 0 0
5014838305 5665 0 23
5014838305 0 0 0
5014838318 0 0 0
5014838318 0 0 0
5014838331 0 0 0
5014838331 0 0 0
5014838344 0 0 0
5014838344 0 0 0
5014838357 0 0 0
5014838357 0 0 0
5014838370 0 0 0
5014838370 2205 0 23
5014838383 0 0 0
5014838383 853 0 0
5014838396 0 0 0
5014838396 0 0 0
5014838409 0 0 0
5014838409 0 0 0
5014838422 0 0 0
5014838422 0 0 0
5014838435 0 0 0
5014838435 0 0 0
5014838448 0 0 0
5014838448 0 0 0
5014838461 0 0 0
5014838461 0 0 0
5014838474 0 0 0
5014838474 0 0 0
5014838487 0 0 0
5014838487 0 0 0
5014838500 0 0 0
5014838500 0 0 0
5014838513 0 0 0
5014838513 0 0 0
5014838526 0 0 0
5014838526 0 0 0
5014838539 0 0 0
5014838539 0 0 0
5014838552 5540 0 15
5014838552 0 0 0
5014838565 0 0 0
5014838565 0 0 0
5014838578 0 0 0
5014838578 0 0 0
5014838591 0 0 0
5014838591 0 0 0
5014838604 0 0 0
5014838604 0 0 0
5014838617 0 0 0
5014838617 0 0 0
5014838630 0 0 0
5014838630 2588 0 23
5014838643 0 0 0
5014838643 0 0 0
5014838656 0 0 0
5014838656 0 0 0
5014838669 0 0 0
5014838669 0 0 0
5014838682 0 0 0
5014838682 0 0 0
5014838695 0 0 0
5014838695 0 0 0
5014838708 0 0 0
5014838708 0 0 0
5014838721 0 0 0
5014838721 0 0 0
5014838734 0 0 0
5014838734 0 0 0
5014838747 0 0 0
5014838747 0 0 0
5014838760 0 0 0
5014838760 0 0 0
5014838773 0 0 0
5014838773 0 0 0
5014838786 0 0 0
5014838786 0 0 0
5014838799 0 0 0
5014838799 0 0 0
5014838812 5248 0 23
5014838812 0 0 0
5014838825 0 0 0
5014838825 0 0 0
5014838838 0 0 0
5014838838 0 0 0
5014838851 0 0 0
5014838851 0 0 0
5014838864 0 0 0
5014838864 0 0 0
5014838877 0 0 0
5014838877 2097 0 15
5014838890 0 0 0
5014838890 0 0 0
5014838903 0 0 0
5014838903 0 0 0
5014838916 0 0 0
5014838916 0 0 0
5014838929 0 0 0
5014838929 0 0 0
5014838942 0 0 0
5014838942 0 0 0
5014838955 0 0 0
5014838955 0 0 0
5014838968 0 0 0
5014838968 0 0 0
5014838981 0 0 0
5014838981 0 0 0
5014838994 0 0 0
5014838994 0 0 0
5014839007 0 0 0
5014839007 0 0 0
5014839020 0 0 0
5014839020 0 0 0
5014839033 0 0 0
5014839033 0 0 0
5014839046 0 0 0
5014839046 0 0 0
5014839059 5172 0 15
5014839059 0 0 0
5014839072 0 0 0
5014839072 0 0 0
5014839085 0 0 0
5014839085 0 0 0
5014839098 0 0 0
5014839098 0 0 0
5014839111 0 0 0
5014839111 0 0 0
5014839124 0 0 0
5014839124 0 0 0
5014839137 0 0 0
5014839137 1714 0 23
5014839150 0 0 0
5014839150 0 0 0
5014839163 0 0 0
5014839163 0 0 0
5014839176 0 0 0
5014839176 0 0 0
5014839189 0 0 0
5014839189 0 0 0
5014839202 0 0 0
5014839202 0 0 0
5014839215 0 0 0
5014839215 0 0 0
5014839228 0 0 0
5014839228 0 0 0
5014839241 0 0 0
5014839241 0 0 0
5014839254 0 0 0
5014839254 0 0 0
5014839267 0 0 0
5014839267 0 0 0
5014839280 0 0 0
5014839280 0 0 0
5014839293 0 0 0
5014839293 0 0 0
5014839306 0 0 0
5014839306 0 0 0
5014839319 4833 0 15
5014839319 0 0 0
5014839332 0 0 0
5014839332 0 0 0
5014839345 0 0 0
5014839345 0 0 0
5014839358 0 0 0
5014839358 0 0 0
5014839371 0 0 0
5014839371 0 0 0
5014839384 0 0 0
5014839384 1438 0 23
5014839397 0 0 0
5014839397 0 0 0
5014839410 0 0 0
5014839410 0 0 0
5014839423 0 0 0
5014839423 0 0 0
5014839436 0 0 0
5014839436 0 0 0
5014839449 0 0 0
5014839449 0 0 0
5014839462 0 0 0
5014839462 0 0 0
5014839475 0 0 0
5014839475 0 0 0
5014839488 0 0 0
5014839488 0 0 0
5014839501 0 0 0
5014839501 0 0 0
5014839514 0 0 0
5014839514 0 0 0
5014839527 0 0 0
5014839527 0 0 0
5014839540 0 0 0
5014839540 0 0 0
5014839553 0 0 0
5014839553 0 0 0
5014839566 4696 0 23
5014839566 0 0 0
5014839579 0 0 0
5014839579 0 0 0
5014839592 0 0 0
5014839592 0 0 0
5014839605 0 0 0
5014839605 0 0 0
5014839618 0 0 0
5014839618 0 0 0
5014839631 0 0 0
5014839631 0 0 0
5014839644 0 0 0
5014839644 1151 0 23
5014839657 0 0 0
5014839657 0 0 0
5014839670 0 0 0
5014839670 0 0 0
5014839683 0 0 0
5014839683 0 0 0
5014839696 0 0 0
5014839696 0 0 0
5014839709 0 0 0
5014839709 0 0 0
5014839722 0 0 0
5014839722 0 0 0
5014839735 0 0 0
5014839735 0 0 0
5014839748 0 0 0
5014839748 0 0 0
5014839761 0 0 0
5014839761 0 0 0
5014839774 0 0 0
5014839774 0 0 0
5014839787 0 0 0
5014839787 0 0 0
5014839800 0 0 0
5014839800 0 0 0
5014839813 0 0 15
5014839813 0 0 0
5014839826 0 0 0
5014839839 0 0 0
5014839852 0 0 0
5014839865 0 0 0
5014839878 0 0 0
5014839891 0 0 53
5014839904 0 0 100
read 787 profiled data
