5014961720 5755 0 0
5014961720 6772 0 0
5014961720 9439 0 0
5014961720 9436 0 0
5014961720 9434 0 0
5014961720 9434 0 0
5014961720 9437 0 0
5014961720 8329 0 0
5014961720 9435 0 0
5014961720 8746 0 0
5014961720 9436 0 0
5014961733 3684 0 7
5014961733 2662 0 7
5014961733 0 0 0
5014961733 0 0 0
5014961733 0 0 0
5014961733 0 0 0
5014961733 0 0 0
5014961733 1106 0 0
5014961733 0 0 0
5014961733 690 0 0
5014961733 0 0 0
5014961746 0 0 0
5014961746 0 0 0
5014961746 0 0 0
5014961746 0 0 0
5014961746 0 0 0
5014961746 0 0 0
5014961746 0 0 0
5014961746 0 0 0
5014961746 0 0 0
5014961746 0 0 0
5014961746 0 0 0
5014961759 0 0 0
5014961759 0 0 0
5014961759 0 0 0
5014961759 0 0 0
5014961759 0 0 0
5014961759 0 0 0
5014961759 0 0 0
5014961759 0 0 0
5014961759 0 0 0
5014961759 0 0 0
5014961759 0 0 0
5014961772 0 0 0
5014961772 0 0 0
5014961772 0 0 0
5014961772 0 0 0
5014961772 0 0 0
5014961772 0 0 0
5014961772 0 0 0
5014961772 0 0 0
5014961772 0 0 0
5014961772 0 0 0
5014961772 0 0 0
5014961785 0 0 0
5014961785 0 0 0
5014961785 0 0 0
5014961785 0 0 0
5014961785 0 0 0
5014961785 0 0 0
5014961785 0 0 0
5014961785 0 0 0
5014961785 0 0 0
5014961785 0 0 0
5014961785 0 0 0
5014961798 0 0 0
5014961798 0 0 0
5014961798 0 0 0
5014961798 0 0 0
5014961798 0 0 0
5014961798 0 0 0
5014961798 0 0 0
5014961798 0 0 0
5014961798 0 0 0
5014961798 0 0 0
5014961798 0 0 0
5014961811 0 0 0
5014961811 0 0 0
5014961811 0 0 0
5014961811 0 0 0
5014961811 0 0 0
5014961811 0 0 0
5014961811 0 0 0
5014961811 0 0 0
5014961811 0 0 0
5014961811 0 0 0
5014961811 0 0 0
5014961824 0 0 0
5014961824 0 0 0
5014961824 0 0 0
5014961824 0 0 0
5014961824 0 0 0
5014961824 0 0 0
5014961824 0 0 0
5014961824 0 0 0
5014961824 0 0 0
5014961824 0 0 0
5014961824 0 0 0
5014961837 0 0 0
5014961837 0 0 0
5014961837 0 0 0
5014961837 0 0 0
5014961837 0 0 0
5014961837 0 0 0
5014961837 0 0 0
5014961837 0 0 0
5014961837 0 0 0
5014961837 0 0 0
5014961837 0 0 0
5014961850 0 0 0
5014961850 0 0 0
5014961850 0 0 0
5014961850 0 0 0
5014961850 0 0 0
5014961850 0 0 0
5014961850 0 0 0
5014961850 0 0 0
5014961850 0 0 0
5014961850 0 0 0
5014961850 0 0 0
5014961863 0 0 0
5014961863 0 0 0
5014961863 0 0 0
5014961863 0 0 0
5014961863 0 0 0
5014961863 0 0 0
5014961863 0 0 0
5014961863 0 0 0
5014961863 0 0 0
5014961863 0 0 0
5014961863 0 0 0
5014961876 0 0 0
5014961876 0 0 0
5014961876 0 0 0
5014961876 0 0 0
5014961876 0 0 0
5014961876 0 0 0
5014961876 0 0 0
5014961876 0 0 0
5014961876 0 0 0
5014961876 0 0 0
5014961876 0 0 0
5014961889 0 0 0
5014961889 0 0 0
5014961889 0 0 0
5014961889 0 0 0
5014961889 0 0 0
5014961889 0 0 0
5014961889 0 0 0
5014961889 0 0 0
5014961889 0 0 0
5014961889 0 0 0
5014961889 0 0 0
5014961902 0 0 0
5014961902 0 0 0
5014961902 0 0 0
5014961902 0 0 0
5014961902 0 0 0
5014961902 0 0 0
5014961902 0 0 0
5014961902 0 0 0
5014961902 0 0 0
5014961902 0 0 0
5014961902 0 0 0
5014961915 0 0 0
5014961915 0 0 0
5014961915 0 0 0
5014961915 0 0 0
5014961915 0 0 0
5014961915 0 0 0
5014961915 0 0 0
5014961915 0 0 0
5014961915 0 0 0
5014961915 0 0 0
5014961915 0 0 0
5014961928 0 0 0
5014961928 0 0 0
5014961928 0 0 0
5014961928 0 0 0
5014961928 0 0 0
5014961928 0 0 0
5014961928 0 0 0
5014961928 0 0 0
5014961928 0 0 0
5014961928 0 0 0
5014961928 0 0 0
5014961941 0 0 0
5014961941 0 0 0
5014961941 0 0 0
5014961941 0 0 0
5014961941 0 0 0
5014961941 0 0 0
5014961941 0 0 0
5014961941 0 0 0
5014961941 0 0 0
5014961941 0 0 0
5014961941 0 0 0
5014961954 0 0 0
5014961954 0 0 0
5014961954 0 0 0
5014961954 0 0 0
5014961954 0 0 0
5014961954 0 0 0
5014961954 0 0 0
5014961954 0 0 0
5014961954 0 0 0
5014961954 0 0 0
5014961954 0 0 0
5014961967 0 0 0
5014961967 0 0 0
5014961967 0 0 0
5014961967 0 0 0
5014961967 0 0 0
5014961967 4 0 7
5014961967 0 0 0
5014961967 0 0 0
5014961967 7425 0 23
5014961967 0 0 0
5014961967 0 0 0
5014961980 7425 0 23
5014961980 7425 0 23
5014961980 7425 0 30
5014961980 7425 0 23
5014961980 7425 0 38
5014961980 7421 0 7
5014961980 7425 0 23
5014961980 7425 0 15
5014961980 0 0 0
5014961980 7425 0 23
5014961980 7425 0 23
5014961993 0 0 0
5014961993 0 0 0
5014961993 0 0 0
5014961993 0 0 0
5014961993 0 0 0
5014961993 0 0 0
5014961993 0 0 0
5014961993 0 0 0
5014961993 0 0 0
5014961993 0 0 0
5014961993 0 0 0
5014962006 0 0 0
5014962006 0 0 0
5014962006 0 0 0
5014962006 0 0 0
5014962006 0 0 0
5014962006 0 0 0
5014962006 0 0 0
5014962006 0 0 0
5014962006 0 0 0
5014962006 0 0 0
5014962006 0 0 0
5014962019 0 0 0
5014962019 0 0 0
5014962019 0 0 0
5014962019 0 0 0
5014962019 0 0 0
5014962019 0 0 0
5014962019 0 0 0
5014962019 0 0 0
5014962019 0 0 0
5014962019 0 0 0
5014962019 0 0 0
5014962032 0 0 0
5014962032 0 0 0
5014962032 0 0 0
5014962032 0 0 0
5014962032 0 0 0
5014962032 0 0 0
5014962032 0 0 0
5014962032 0 0 0
5014962032 0 0 0
5014962032 0 0 0
5014962032 0 0 0
5014962045 0 0 0
5014962045 0 0 0
5014962045 0 0 0
5014962045 0 0 0
5014962045 0 0 0
5014962045 0 0 0
5014962045 0 0 0
5014962045 0 0 0
5014962045 0 0 0
5014962045 0 0 0
5014962045 0 0 0
5014962058 0 0 0
5014962058 0 0 0
5014962058 0 0 0
5014962058 0 0 0
5014962058 0 0 0
5014962058 0 0 0
5014962058 0 0 0
5014962058 0 0 0
5014962058 0 0 0
5014962058 0 0 0
5014962058 0 0 0
5014962071 0 0 0
5014962071 0 0 0
5014962071 0 0 0
5014962071 0 0 0
5014962071 0 0 0
5014962071 0 0 0
5014962071 0 0 0
5014962071 0 0 0
5014962071 0 0 0
5014962071 0 0 0
5014962071 0 0 0
5014962084 0 0 0
5014962084 0 0 0
5014962084 0 0 0
5014962084 0 0 0
5014962084 0 0 0
5014962084 0 0 0
5014962084 0 0 0
5014962084 0 0 0
5014962084 0 0 0
5014962084 0 0 0
5014962084 0 0 0
5014962097 0 0 0
5014962097 0 0 0
5014962097 0 0 0
5014962097 0 0 0
5014962097 0 0 0
5014962097 0 0 0
5014962097 0 0 0
5014962097 0 0 0
5014962097 0 0 0
5014962097 0 0 0
5014962097 0 0 0
5014962110 0 0 0
5014962110 0 0 0
5014962110 0 0 0
5014962110 0 0 0
5014962110 0 0 0
5014962110 0 0 0
5014962110 0 0 0
5014962110 0 0 0
5014962110 0 0 0
5014962110 0 0 0
5014962110 0 0 0
5014962123 0 0 0
5014962123 0 0 0
5014962123 0 0 0
5014962123 0 0 0
5014962123 0 0 0
5014962123 0 0 0
5014962123 0 0 0
5014962123 0 0 0
5014962123 0 0 0
5014962123 0 0 0
5014962123 0 0 0
5014962136 0 0 0
5014962136 0 0 0
5014962136 0 0 0
5014962136 0 0 0
5014962136 0 0 0
5014962136 0 0 0
5014962136 0 0 0
5014962136 0 0 0
5014962136 0 0 0
5014962136 0 0 0
5014962136 0 0 0
5014962149 0 0 0
5014962149 0 0 0
5014962149 0 0 0
5014962149 0 0 0
5014962149 0 0 0
5014962149 0 0 0
5014962149 0 0 0
5014962149 0 0 0
5014962149 0 0 0
5014962149 0 0 0
5014962149 0 0 0
5014962162 0 0 0
5014962162 0 0 0
5014962162 0 0 0
5014962162 0 0 0
5014962162 0 0 0
5014962162 0 0 0
5014962162 0 0 0
5014962162 0 0 0
5014962162 0 0 0
5014962162 0 0 0
5014962162 0 0 0
5014962175 0 0 0
5014962175 0 0 0
5014962175 0 0 0
5014962175 0 0 0
5014962175 0 0 0
5014962175 0 0 0
5014962175 0 0 0
5014962175 0 0 0
5014962175 0 0 0
5014962175 0 0 0
5014962175 0 0 0
5014962188 0 0 0
5014962188 0 0 0
5014962188 0 0 0
5014962188 0 0 0
5014962188 0 0 0
5014962188 0 0 0
5014962188 0 0 0
5014962188 0 0 0
5014962188 0 0 0
5014962188 0 0 0
5014962188 0 0 0
5014962201 0 0 0
5014962201 0 0 0
5014962201 0 0 0
5014962201 0 0 0
5014962201 0 0 0
5014962201 0 0 0
5014962201 0 0 0
5014962201 0 0 0
5014962201 0 0 0
5014962201 0 0 0
5014962201 0 0 0
5014962214 0 0 0
5014962214 0 0 0
5014962214 0 0 0
5014962214 0 0 0
5014962214 0 0 0
5014962214 0 0 0
5014962214 0 0 0
5014962214 0 0 0
5014962214 0 0 0
5014962214 0 0 0
5014962214 0 0 0
5014962227 2523 0 7
5014962227 0 0 0
5014962227 6047 0 15
5014962227 0 0 0
5014962227 4018 0 7
5014962227 4357 0 15
5014962227 6047 0 15
5014962227 217 0 7
5014962227 6047 0 23
5014962227 5802 0 23
5014962227 59 0 7
5014962240 3524 0 7
5014962240 6047 0 15
5014962240 0 0 0
5014962240 6047 0 15
5014962240 2029 0 7
5014962240 1690 0 7
5014962240 0 0 0
5014962240 5830 0 15
5014962240 0 0 0
5014962240 245 0 0
5014962240 5988 0 15
5014962253 0 0 0
5014962253 0 0 0
5014962253 0 0 0
5014962253 0 0 0
5014962253 0 0 0
5014962253 0 0 0
5014962253 0 0 0
5014962253 0 0 0
5014962253 0 0 0
5014962253 0 0 0
5014962253 0 0 0
5014962266 0 0 0
5014962266 0 0 0
5014962266 0 0 0
5014962266 0 0 0
5014962266 0 0 0
5014962266 0 0 0
5014962266 0 0 0
5014962266 0 0 0
5014962266 0 0 0
5014962266 0 0 0
5014962266 0 0 0
5014962279 0 0 0
5014962279 0 0 0
5014962279 0 0 0
5014962279 0 0 0
5014962279 0 0 0
5014962279 0 0 0
5014962279 0 0 0
5014962279 0 0 0
5014962279 0 0 0
5014962279 0 0 0
5014962279 0 0 0
5014962292 0 0 0
5014962292 0 0 0
5014962292 0 0 0
5014962292 0 0 0
5014962292 0 0 0
5014962292 0 0 0
5014962292 0 0 0
5014962292 0 0 0
5014962292 0 0 0
5014962292 0 0 0
5014962292 0 0 0
5014962305 0 0 0
5014962305 0 0 0
5014962305 0 0 0
5014962305 0 0 0
5014962305 0 0 0
5014962305 0 0 0
5014962305 0 0 0
5014962305 0 0 0
5014962305 0 0 0
5014962305 0 0 0
5014962305 0 0 0
5014962318 0 0 0
5014962318 0 0 0
5014962318 0 0 0
5014962318 0 0 0
5014962318 0 0 0
5014962318 0 0 0
5014962318 0 0 0
5014962318 0 0 0
5014962318 0 0 0
5014962318 0 0 0
5014962318 0 0 0
5014962331 0 0 0
5014962331 0 0 0
5014962331 0 0 0
5014962331 0 0 0
5014962331 0 0 0
5014962331 0 0 0
5014962331 0 0 0
5014962331 0 0 0
5014962331 0 0 0
5014962331 0 0 0
5014962331 0 0 0
5014962344 0 0 0
5014962344 0 0 0
5014962344 0 0 0
5014962344 0 0 0
5014962344 0 0 0
5014962344 0 0 0
5014962344 0 0 0
5014962344 0 0 0
5014962344 0 0 0
5014962344 0 0 0
5014962344 0 0 0
5014962357 0 0 0
5014962357 0 0 0
5014962357 0 0 0
5014962357 0 0 0
5014962357 0 0 0
5014962357 0 0 0
5014962357 0 0 0
5014962357 0 0 0
5014962357 0 0 0
5014962357 0 0 0
5014962357 0 0 0
5014962370 0 0 0
5014962370 0 0 0
5014962370 0 0 0
5014962370 0 0 0
5014962370 0 0 0
5014962370 0 0 0
5014962370 0 0 0
5014962370 0 0 0
5014962370 0 0 0
5014962370 0 0 0
5014962370 0 0 0
5014962383 0 0 0
5014962383 0 0 0
5014962383 0 0 0
5014962383 0 0 0
5014962383 0 0 0
5014962383 0 0 0
5014962383 0 0 0
5014962383 0 0 0
5014962383 0 0 0
5014962383 0 0 0
5014962383 0 0 0
5014962396 0 0 0
5014962396 0 0 0
5014962396 0 0 0
5014962396 0 0 0
5014962396 0 0 0
5014962396 0 0 0
5014962396 0 0 0
5014962396 0 0 0
5014962396 0 0 0
5014962396 0 0 0
5014962396 0 0 0
5014962409 0 0 0
5014962409 0 0 0
5014962409 0 0 0
5014962409 0 0 0
5014962409 0 0 0
5014962409 0 0 0
5014962409 0 0 0
5014962409 0 0 0
5014962409 0 0 0
5014962409 0 0 0
5014962409 0 0 0
5014962422 0 0 0
5014962422 0 0 0
5014962422 0 0 0
5014962422 0 0 0
5014962422 0 0 0
5014962422 0 0 0
5014962422 0 0 0
5014962422 0 0 0
5014962422 0 0 0
5014962422 0 0 0
5014962422 0 0 0
5014962435 0 0 0
5014962435 0 0 0
5014962435 0 0 0
5014962435 0 0 0
5014962435 0 0 0
5014962435 0 0 0
5014962435 0 0 0
5014962435 0 0 0
5014962435 0 0 0
5014962435 0 0 0
5014962435 0 0 0
5014962448 0 0 0
5014962448 0 0 0
5014962448 0 0 0
5014962448 0 0 0
5014962448 0 0 0
5014962448 0 0 0
5014962448 0 0 0
5014962448 0 0 0
5014962448 0 0 0
5014962448 0 0 0
5014962448 0 0 0
5014962461 0 0 0
5014962461 0 0 0
5014962461 0 0 0
5014962461 0 0 0
5014962461 0 0 0
5014962461 0 0 0
5014962461 0 0 0
5014962461 0 0 0
5014962461 0 0 0
5014962461 0 0 0
5014962461 0 0 0
5014962474 0 0 0
5014962474 0 0 0
5014962474 1317 0 7
5014962474 0 0 0
5014962474 0 0 0
5014962474 0 0 0
5014962474 0 0 0
5014962474 0 0 0
5014962474 5055 0 15
5014962474 0 0 0
5014962474 0 0 0
5014962487 5055 0 15
5014962487 5055 0 15
5014962487 3738 0 7
5014962487 5055 0 15
5014962487 5055 0 7
5014962487 5055 0 15
5014962487 5055 0 15
5014962487 5055 0 15
5014962487 0 0 0
5014962487 5055 0 15
5014962487 5055 0 23
5014962500 0 0 0
5014962500 0 0 0
5014962500 0 0 0
5014962500 0 0 0
5014962500 0 0 0
5014962500 0 0 0
5014962500 0 0 0
5014962500 0 0 0
5014962500 0 0 0
5014962500 0 0 0
5014962500 0 0 0
5014962513 0 0 0
5014962513 0 0 0
5014962513 0 0 0
5014962513 0 0 0
5014962513 0 0 0
5014962513 0 0 0
5014962513 0 0 0
5014962513 0 0 0
5014962513 0 0 0
5014962513 0 0 0
5014962513 0 0 0
5014962526 0 0 0
5014962526 0 0 0
5014962526 0 0 0
5014962526 0 0 0
5014962526 0 0 0
5014962526 0 0 0
5014962526 0 0 0
5014962526 0 0 0
5014962526 0 0 0
5014962526 0 0 0
5014962526 0 0 0
5014962539 0 0 0
5014962539 0 0 0
5014962539 0 0 0
5014962539 0 0 0
5014962539 0 0 0
5014962539 0 0 0
5014962539 0 0 0
5014962539 0 0 0
5014962539 0 0 0
5014962539 0 0 0
5014962539 0 0 0
5014962552 0 0 0
5014962552 0 0 0
5014962552 0 0 0
5014962552 0 0 0
5014962552 0 0 0
5014962552 0 0 0
5014962552 0 0 0
5014962552 0 0 0
5014962552 0 0 0
5014962552 0 0 0
5014962552 0 0 0
5014962565 0 0 0
5014962565 0 0 0
5014962565 0 0 0
5014962565 0 0 0
5014962565 0 0 0
5014962565 0 0 0
5014962565 0 0 0
5014962565 0 0 0
5014962565 0 0 0
5014962565 0 0 0
5014962565 0 0 0
5014962578 0 0 0
5014962578 0 0 0
5014962578 0 0 0
5014962578 0 0 0
5014962578 0 0 0
5014962578 0 0 0
5014962578 0 0 0
5014962578 0 0 0
5014962578 0 0 0
5014962578 0 0 0
5014962578 0 0 0
5014962591 0 0 0
5014962591 0 0 0
5014962591 0 0 0
5014962591 0 0 0
5014962591 0 0 0
5014962591 0 0 0
5014962591 0 0 0
5014962591 0 0 0
5014962591 0 0 0
5014962591 0 0 0
5014962591 0 0 0
5014962604 0 0 0
5014962604 0 0 0
5014962604 0 0 0
5014962604 0 0 0
5014962604 0 0 0
5014962604 0 0 0
5014962604 0 0 0
5014962604 0 0 0
5014962604 0 0 0
5014962604 0 0 0
5014962604 0 0 0
5014962617 0 0 0
5014962617 0 0 0
5014962617 0 0 0
5014962617 0 0 0
5014962617 0 0 0
5014962617 0 0 0
5014962617 0 0 0
5014962617 0 0 0
5014962617 0 0 0
5014962617 0 0 0
5014962617 0 0 0
5014962630 0 0 0
5014962630 0 0 0
5014962630 0 0 0
5014962630 0 0 0
5014962630 0 0 0
5014962630 0 0 0
5014962630 0 0 0
5014962630 0 0 0
5014962630 0 0 0
5014962630 0 0 0
5014962630 0 0 0
5014962643 0 0 0
5014962643 0 0 0
5014962643 0 0 0
5014962643 0 0 0
5014962643 0 0 0
5014962643 0 0 0
5014962643 0 0 0
5014962643 0 0 0
5014962643 0 0 0
5014962643 0 0 0
5014962643 0 0 0
5014962656 0 0 0
5014962656 0 0 0
5014962656 0 0 0
5014962656 0 0 0
5014962656 0 0 0
5014962656 0 0 0
5014962656 0 0 0
5014962656 0 0 0
5014962656 0 0 0
5014962656 0 0 0
5014962656 0 0 0
5014962669 0 0 0
5014962669 0 0 0
5014962669 0 0 0
5014962669 0 0 0
5014962669 0 0 0
5014962669 0 0 0
5014962669 0 0 0
5014962669 0 0 0
5014962669 0 0 0
5014962669 0 0 0
5014962669 0 0 0
5014962682 0 0 0
5014962682 0 0 0
5014962682 0 0 0
5014962682 0 0 0
5014962682 0 0 0
5014962682 0 0 0
5014962682 0 0 0
5014962682 0 0 0
5014962682 0 0 0
5014962682 0 0 0
5014962682 0 0 0
5014962695 0 0 0
5014962695 0 0 0
5014962695 0 0 0
5014962695 0 0 0
5014962695 0 0 0
5014962695 0 0 0
5014962695 0 0 0
5014962695 0 0 0
5014962695 0 0 0
5014962695 0 0 0
5014962695 0 0 0
5014962708 0 0 0
5014962708 0 0 0
5014962708 0 0 0
5014962708 0 0 0
5014962708 0 0 0
5014962708 0 0 0
5014962708 0 0 0
5014962708 0 0 0
5014962708 0 0 0
5014962708 0 0 0
5014962708 0 0 0
5014962721 0 0 0
5014962721 0 0 0
5014962721 0 0 0
5014962721 0 0 0
5014962721 0 0 0
5014962721 0 0 0
5014962721 0 0 0
5014962721 0 0 0
5014962721 3911 0 15
5014962721 0 0 0
5014962721 0 0 0
5014962734 4100 0 7
5014962734 0 0 0
5014962734 4100 0 15
5014962734 0 0 0
5014962734 0 0 0
5014962734 4100 0 15
5014962734 4100 0 15
5014962734 0 0 0
5014962734 189 0 0
5014962734 4100 0 7
5014962734 0 0 0
5014962747 0 0 0
5014962747 4100 0 7
5014962747 0 0 0
5014962747 4100 0 15
5014962747 4100 0 15
5014962747 0 0 0
5014962747 0 0 0
5014962747 4100 0 15
5014962747 0 0 0
5014962747 0 0 0
5014962747 4100 0 15
5014962760 0 0 0
5014962760 0 0 0
5014962760 0 0 0
5014962760 0 0 0
5014962760 0 0 0
5014962760 0 0 0
5014962760 0 0 0
5014962760 0 0 0
5014962760 0 0 0
5014962760 0 0 0
5014962760 0 0 0
5014962773 0 0 0
5014962773 0 0 0
5014962773 0 0 0
5014962773 0 0 0
5014962773 0 0 0
5014962773 0 0 0
5014962773 0 0 0
5014962773 0 0 0
5014962773 0 0 0
5014962773 0 0 0
5014962773 0 0 0
5014962786 0 0 0
5014962786 0 0 0
5014962786 0 0 0
5014962786 0 0 0
5014962786 0 0 0
5014962786 0 0 0
5014962786 0 0 0
5014962786 0 0 0
5014962786 0 0 0
5014962786 0 0 0
5014962786 0 0 0
5014962799 0 0 0
5014962799 0 0 0
5014962799 0 0 0
5014962799 0 0 0
5014962799 0 0 0
5014962799 0 0 0
5014962799 0 0 0
5014962799 0 0 0
5014962799 0 0 0
5014962799 0 0 0
5014962799 0 0 0
5014962812 0 0 0
5014962812 0 0 0
5014962812 0 0 0
5014962812 0 0 0
5014962812 0 0 0
5014962812 0 0 0
5014962812 0 0 0
5014962812 0 0 0
5014962812 0 0 0
5014962812 0 0 0
5014962812 0 0 0
5014962825 0 0 0
5014962825 0 0 0
5014962825 0 0 0
5014962825 0 0 0
5014962825 0 0 0
5014962825 0 0 0
5014962825 0 0 0
5014962825 0 0 0
5014962825 0 0 0
5014962825 0 0 0
5014962825 0 0 0
5014962838 0 0 0
5014962838 0 0 0
5014962838 0 0 0
5014962838 0 0 0
5014962838 0 0 0
5014962838 0 0 0
5014962838 0 0 0
5014962838 0 0 0
5014962838 0 0 0
5014962838 0 0 0
5014962838 0 0 0
5014962851 0 0 0
5014962851 0 0 0
5014962851 0 0 0
5014962851 0 0 0
5014962851 0 0 0
5014962851 0 0 0
5014962851 0 0 0
5014962851 0 0 0
5014962851 0 0 0
5014962851 0 0 0
5014962851 0 0 0
5014962864 0 0 0
5014962864 0 0 0
5014962864 0 0 0
5014962864 0 0 0
5014962864 0 0 0
5014962864 0 0 0
5014962864 0 0 0
5014962864 0 0 0
5014962864 0 0 0
5014962864 0 0 0
5014962864 0 0 0
5014962877 0 0 0
5014962877 0 0 0
5014962877 0 0 0
5014962877 0 0 0
5014962877 0 0 0
5014962877 0 0 0
5014962877 0 0 0
5014962877 0 0 0
5014962877 0 0 0
5014962877 0 0 0
5014962877 0 0 0
5014962890 0 0 0
5014962890 0 0 0
5014962890 0 0 0
5014962890 0 0 0
5014962890 0 0 0
5014962890 0 0 0
5014962890 0 0 0
5014962890 0 0 0
5014962890 0 0 0
5014962890 0 0 0
5014962890 0 0 0
5014962903 0 0 0
5014962903 0 0 0
5014962903 0 0 0
5014962903 0 0 0
5014962903 0 0 0
5014962903 0 0 0
5014962903 0 0 0
5014962903 0 0 0
5014962903 0 0 0
5014962903 0 0 0
5014962903 0 0 0
5014962916 0 0 0
5014962916 0 0 0
5014962916 0 0 0
5014962916 0 0 0
5014962916 0 0 0
5014962916 0 0 0
5014962916 0 0 0
5014962916 0 0 0
5014962916 0 0 0
5014962916 0 0 0
5014962916 0 0 0
5014962929 0 0 0
5014962929 0 0 0
5014962929 0 0 0
5014962929 0 0 0
5014962929 0 0 0
5014962929 0 0 0
5014962929 0 0 0
5014962929 0 0 0
5014962929 0 0 0
5014962929 0 0 0
5014962929 0 0 0
5014962942 0 0 0
5014962942 0 0 0
5014962942 0 0 0
5014962942 0 0 0
5014962942 0 0 0
5014962942 0 0 0
5014962942 0 0 0
5014962942 0 0 0
5014962942 0 0 0
5014962942 0 0 0
5014962942 0 0 0
5014962955 0 0 0
5014962955 0 0 0
5014962955 0 0 0
5014962955 0 0 0
5014962955 0 0 0
5014962955 0 0 0
5014962955 0 0 0
5014962955 0 0 0
5014962955 0 0 0
5014962955 0 0 0
5014962955 0 0 0
5014962968 0 0 0
5014962968 0 0 0
5014962968 0 0 0
5014962968 0 0 0
5014962968 0 0 0
5014962968 0 0 0
5014962968 0 0 0
5014962968 0 0 0
5014962968 0 0 0
5014962968 0 0 0
5014962968 0 0 0
5014962981 0 0 0
5014962981 0 0 0
5014962981 3438 0 7
5014962981 0 0 0
5014962981 0 0 0
5014962981 0 0 0
5014962981 3438 0 7
5014962981 0 0 0
5014962981 3438 0 7
5014962981 0 0 0
5014962981 0 0 0
5014962994 3438 0 15
5014962994 3438 0 15
5014962994 0 0 0
5014962994 3438 0 7
5014962994 3438 0 7
5014962994 3438 0 7
5014962994 0 0 0
5014962994 3438 0 7
5014962994 0 0 0
5014962994 3438 0 15
5014962994 3438 0 7
5014963007 0 0 0
5014963007 0 0 0
5014963007 0 0 0
5014963007 0 0 0
5014963007 0 0 0
5014963007 0 0 0
5014963007 0 0 0
5014963007 0 0 0
5014963007 0 0 0
5014963007 0 0 0
5014963007 0 0 0
5014963020 0 0 0
5014963020 0 0 0
5014963020 0 0 0
5014963020 0 0 0
5014963020 0 0 0
5014963020 0 0 0
5014963020 0 0 0
5014963020 0 0 0
5014963020 0 0 0
5014963020 0 0 0
5014963020 0 0 0
5014963033 0 0 0
5014963033 0 0 0
5014963033 0 0 0
5014963033 0 0 0
5014963033 0 0 0
5014963033 0 0 0
5014963033 0 0 0
5014963033 0 0 0
5014963033 0 0 0
5014963033 0 0 0
5014963033 0 0 0
5014963046 0 0 0
5014963046 0 0 0
5014963046 0 0 0
5014963046 0 0 0
5014963046 0 0 0
5014963046 0 0 0
5014963046 0 0 0
5014963046 0 0 0
5014963046 0 0 0
5014963046 0 0 0
5014963046 0 0 0
5014963059 0 0 0
5014963059 0 0 0
5014963059 0 0 0
5014963059 0 0 0
5014963059 0 0 0
5014963059 0 0 0
5014963059 0 0 0
5014963059 0 0 0
5014963059 0 0 0
5014963059 0 0 0
5014963059 0 0 0
5014963072 0 0 0
5014963072 0 0 0
5014963072 0 0 0
5014963072 0 0 0
5014963072 0 0 0
5014963072 0 0 0
5014963072 0 0 0
5014963072 0 0 0
5014963072 0 0 0
5014963072 0 0 0
5014963072 0 0 0
5014963085 0 0 0
5014963085 0 0 0
5014963085 0 0 0
5014963085 0 0 0
5014963085 0 0 0
5014963085 0 0 0
5014963085 0 0 0
5014963085 0 0 0
5014963085 0 0 0
5014963085 0 0 0
5014963085 0 0 0
5014963098 0 0 0
5014963098 0 0 0
5014963098 0 0 0
5014963098 0 0 0
5014963098 0 0 0
5014963098 0 0 0
5014963098 0 0 0
5014963098 0 0 0
5014963098 0 0 0
5014963098 0 0 0
5014963098 0 0 0
5014963111 0 0 0
5014963111 0 0 0
5014963111 0 0 0
5014963111 0 0 0
5014963111 0 0 0
5014963111 0 0 0
5014963111 0 0 0
5014963111 0 0 0
5014963111 0 0 0
5014963111 0 0 0
5014963111 0 0 0
5014963124 0 0 0
5014963124 0 0 0
5014963124 0 0 0
5014963124 0 0 0
5014963124 0 0 0
5014963124 0 0 0
5014963124 0 0 0
5014963124 0 0 0
5014963124 0 0 0
5014963124 0 0 0
5014963124 0 0 0
5014963137 0 0 0
5014963137 0 0 0
5014963137 0 0 0
5014963137 0 0 0
5014963137 0 0 0
5014963137 0 0 0
5014963137 0 0 0
5014963137 0 0 0
5014963137 0 0 0
5014963137 0 0 0
5014963137 0 0 0
5014963150 0 0 0
5014963150 0 0 0
5014963150 0 0 0
5014963150 0 0 0
5014963150 0 0 0
5014963150 0 0 0
5014963150 0 0 0
5014963150 0 0 0
5014963150 0 0 0
5014963150 0 0 0
5014963150 0 0 0
5014963163 0 0 0
5014963163 0 0 0
5014963163 0 0 0
5014963163 0 0 0
5014963163 0 0 0
5014963163 0 0 0
5014963163 0 0 0
5014963163 0 0 0
5014963163 0 0 0
5014963163 0 0 0
5014963163 0 0 0
5014963176 0 0 0
5014963176 0 0 0
5014963176 0 0 0
5014963176 0 0 0
5014963176 0 0 0
5014963176 0 0 0
5014963176 0 0 0
5014963176 0 0 0
5014963176 0 0 0
5014963176 0 0 0
5014963176 0 0 0
5014963189 0 0 0
5014963189 0 0 0
5014963189 0 0 0
5014963189 0 0 0
5014963189 0 0 0
5014963189 0 0 0
5014963189 0 0 0
5014963189 0 0 0
5014963189 0 0 0
5014963189 0 0 0
5014963189 0 0 0
5014963202 0 0 0
5014963202 0 0 0
5014963202 0 0 0
5014963202 0 0 0
5014963202 0 0 0
5014963202 0 0 0
5014963202 0 0 0
5014963202 0 0 0
5014963202 0 0 0
5014963202 0 0 0
5014963202 0 0 0
5014963215 0 0 0
5014963215 0 0 0
5014963215 0 0 0
5014963215 0 0 0
5014963215 0 0 0
5014963215 0 0 0
5014963215 0 0 0
5014963215 0 0 0
5014963215 0 0 0
5014963215 0 0 0
5014963215 0 0 0
5014963228 0 0 0
5014963228 0 0 0
5014963228 0 0 0
5014963228 0 0 0
5014963228 0 0 0
5014963228 0 0 0
5014963228 0 0 0
5014963228 0 0 0
5014963228 2807 0 7
5014963228 0 0 0
5014963228 0 0 0
5014963241 2807 0 7
5014963241 0 0 0
5014963241 2807 0 15
5014963241 0 0 0
5014963241 2807 0 7
5014963241 2807 0 7
5014963241 2807 0 7
5014963241 2807 0 7
5014963241 0 0 0
5014963241 2807 0 7
5014963241 0 0 0
5014963254 0 0 0
5014963254 2807 0 7
5014963254 0 0 0
5014963254 2807 0 15
5014963254 0 0 0
5014963254 0 0 0
5014963254 0 0 0
5014963254 0 0 0
5014963254 0 0 0
5014963254 0 0 0
5014963254 2807 0 15
5014963267 0 0 0
5014963267 0 0 0
5014963267 0 0 0
5014963267 0 0 0
5014963267 0 0 0
5014963267 0 0 0
5014963267 0 0 0
5014963267 0 0 0
5014963267 0 0 0
5014963267 0 0 0
5014963267 0 0 0
5014963280 0 0 0
5014963280 0 0 0
5014963280 0 0 0
5014963280 0 0 0
5014963280 0 0 0
5014963280 0 0 0
5014963280 0 0 0
5014963280 0 0 0
5014963280 0 0 0
5014963280 0 0 0
5014963280 0 0 0
5014963293 0 0 0
5014963293 0 0 0
5014963293 0 0 0
5014963293 0 0 0
5014963293 0 0 0
5014963293 0 0 0
5014963293 0 0 0
5014963293 0 0 0
5014963293 0 0 0
5014963293 0 0 0
5014963293 0 0 0
5014963306 0 0 0
5014963306 0 0 0
5014963306 0 0 0
5014963306 0 0 0
5014963306 0 0 0
5014963306 0 0 0
5014963306 0 0 0
5014963306 0 0 0
5014963306 0 0 0
5014963306 0 0 0
5014963306 0 0 0
5014963319 0 0 0
5014963319 0 0 0
5014963319 0 0 0
5014963319 0 0 0
5014963319 0 0 0
5014963319 0 0 0
5014963319 0 0 0
5014963319 0 0 0
5014963319 0 0 0
5014963319 0 0 0
5014963319 0 0 0
5014963332 0 0 0
5014963332 0 0 0
5014963332 0 0 0
5014963332 0 0 0
5014963332 0 0 0
5014963332 0 0 0
5014963332 0 0 0
5014963332 0 0 0
5014963332 0 0 0
5014963332 0 0 0
5014963332 0 0 0
5014963345 0 0 0
5014963345 0 0 0
5014963345 0 0 0
5014963345 0 0 0
5014963345 0 0 0
5014963345 0 0 0
5014963345 0 0 0
5014963345 0 0 0
5014963345 0 0 0
5014963345 0 0 0
5014963345 0 0 0
5014963358 0 0 0
5014963358 0 0 0
5014963358 0 0 0
5014963358 0 0 0
5014963358 0 0 0
5014963358 0 0 0
5014963358 0 0 0
5014963358 0 0 0
5014963358 0 0 0
5014963358 0 0 0
5014963358 0 0 0
5014963371 0 0 0
5014963371 0 0 0
5014963371 0 0 0
5014963371 0 0 0
5014963371 0 0 0
5014963371 0 0 0
5014963371 0 0 0
5014963371 0 0 0
5014963371 0 0 0
5014963371 0 0 0
5014963371 0 0 0
5014963384 0 0 0
5014963384 0 0 0
5014963384 0 0 0
5014963384 0 0 0
5014963384 0 0 0
5014963384 0 0 0
5014963384 0 0 0
5014963384 0 0 0
5014963384 0 0 0
5014963384 0 0 0
5014963384 0 0 0
5014963397 0 0 0
5014963397 0 0 0
5014963397 0 0 0
5014963397 0 0 0
5014963397 0 0 0
5014963397 0 0 0
5014963397 0 0 0
5014963397 0 0 0
5014963397 0 0 0
5014963397 0 0 0
5014963397 0 0 0
5014963410 0 0 0
5014963410 0 0 0
5014963410 0 0 0
5014963410 0 0 0
5014963410 0 0 0
5014963410 0 0 0
5014963410 0 0 0
5014963410 0 0 0
5014963410 0 0 0
5014963410 0 0 0
5014963410 0 0 0
5014963423 0 0 0
5014963423 0 0 0
5014963423 0 0 0
5014963423 0 0 0
5014963423 0 0 0
5014963423 0 0 0
5014963423 0 0 0
5014963423 0 0 0
5014963423 0 0 0
5014963423 0 0 0
5014963423 0 0 0
5014963436 0 0 0
5014963436 0 0 0
5014963436 0 0 0
5014963436 0 0 0
5014963436 0 0 0
5014963436 0 0 0
5014963436 0 0 0
5014963436 0 0 0
5014963436 0 0 0
5014963436 0 0 0
5014963436 0 0 0
5014963449 0 0 0
5014963449 0 0 0
5014963449 0 0 0
5014963449 0 0 0
5014963449 0 0 0
5014963449 0 0 0
5014963449 0 0 0
5014963449 0 0 0
5014963449 0 0 0
5014963449 0 0 0
5014963449 0 0 0
5014963462 0 0 0
5014963462 0 0 0
5014963462 0 0 0
5014963462 0 0 0
5014963462 0 0 0
5014963462 0 0 0
5014963462 0 0 0
5014963462 0 0 0
5014963462 0 0 0
5014963462 0 0 0
5014963462 0 0 0
5014963475 0 0 0
5014963475 0 0 0
5014963475 0 0 0
5014963475 0 0 0
5014963475 0 0 0
5014963475 0 0 0
5014963475 0 0 0
5014963475 0 0 0
5014963475 2254 0 15
5014963475 0 0 0
5014963475 0 0 0
5014963488 2315 0 7
5014963488 0 0 0
5014963488 2315 0 7
5014963488 0 0 0
5014963488 0 0 0
5014963488 2315 0 15
5014963488 2315 0 7
5014963488 0 0 0
5014963488 61 0 0
5014963488 2315 0 7
5014963488 0 0 0
5014963501 0 0 0
5014963501 2315 0 7
5014963501 0 0 0
5014963501 2315 0 7
5014963501 2315 0 7
5014963501 0 0 0
5014963501 0 0 0
5014963501 2315 0 7
5014963501 0 0 0
5014963501 0 0 0
5014963501 2315 0 7
5014963514 0 0 0
5014963514 0 0 0
5014963514 0 0 0
5014963514 0 0 0
5014963514 0 0 0
5014963514 0 0 0
5014963514 0 0 0
5014963514 0 0 0
5014963514 0 0 0
5014963514 0 0 0
5014963514 0 0 0
5014963527 0 0 0
5014963527 0 0 0
5014963527 0 0 0
5014963527 0 0 0
5014963527 0 0 0
5014963527 0 0 0
5014963527 0 0 0
5014963527 0 0 0
5014963527 0 0 0
5014963527 0 0 0
5014963527 0 0 0
5014963540 0 0 0
5014963540 0 0 0
5014963540 0 0 0
5014963540 0 0 0
5014963540 0 0 0
5014963540 0 0 0
5014963540 0 0 0
5014963540 0 0 0
5014963540 0 0 0
5014963540 0 0 0
5014963540 0 0 0
5014963553 0 0 0
5014963553 0 0 0
5014963553 0 0 0
5014963553 0 0 0
5014963553 0 0 0
5014963553 0 0 0
5014963553 0 0 0
5014963553 0 0 0
5014963553 0 0 0
5014963553 0 0 0
5014963553 0 0 0
5014963566 0 0 0
5014963566 0 0 0
5014963566 0 0 0
5014963566 0 0 0
5014963566 0 0 0
5014963566 0 0 0
5014963566 0 0 0
5014963566 0 0 0
5014963566 0 0 0
5014963566 0 0 0
5014963566 0 0 0
5014963579 0 0 0
5014963579 0 0 0
5014963579 0 0 0
5014963579 0 0 0
5014963579 0 0 0
5014963579 0 0 0
5014963579 0 0 0
5014963579 0 0 0
5014963579 0 0 0
5014963579 0 0 0
5014963579 0 0 0
5014963592 0 0 0
5014963592 0 0 0
5014963592 0 0 0
5014963592 0 0 0
5014963592 0 0 0
5014963592 0 0 0
5014963592 0 0 0
5014963592 0 0 0
5014963592 0 0 0
5014963592 0 0 0
5014963592 0 0 0
5014963605 0 0 0
5014963605 0 0 0
5014963605 0 0 0
5014963605 0 0 0
5014963605 0 0 0
5014963605 0 0 0
5014963605 0 0 0
5014963605 0 0 0
5014963605 0 0 0
5014963605 0 0 0
5014963605 0 0 0
5014963618 0 0 0
5014963618 0 0 0
5014963618 0 0 0
5014963618 0 0 0
5014963618 0 0 0
5014963618 0 0 0
5014963618 0 0 0
5014963618 0 0 0
5014963618 0 0 0
5014963618 0 0 0
5014963618 0 0 0
5014963631 0 0 0
5014963631 0 0 0
5014963631 0 0 0
5014963631 0 0 0
5014963631 0 0 0
5014963631 0 0 0
5014963631 0 0 0
5014963631 0 0 0
5014963631 0 0 0
5014963631 0 0 0
5014963631 0 0 0
5014963644 0 0 0
5014963644 0 0 0
5014963644 0 0 0
5014963644 0 0 0
5014963644 0 0 0
5014963644 0 0 0
5014963644 0 0 0
5014963644 0 0 0
5014963644 0 0 0
5014963644 0 0 0
5014963644 0 0 0
5014963657 0 0 0
5014963657 0 0 0
5014963657 0 0 0
5014963657 0 0 0
5014963657 0 0 0
5014963657 0 0 0
5014963657 0 0 0
5014963657 0 0 0
5014963657 0 0 0
5014963657 0 0 0
5014963657 0 0 0
5014963670 0 0 0
5014963670 0 0 0
5014963670 0 0 0
5014963670 0 0 0
5014963670 0 0 0
5014963670 0 0 0
5014963670 0 0 0
5014963670 0 0 0
5014963670 0 0 0
5014963670 0 0 0
5014963670 0 0 0
5014963683 0 0 0
5014963683 0 0 0
5014963683 0 0 0
5014963683 0 0 0
5014963683 0 0 0
5014963683 0 0 0
5014963683 0 0 0
5014963683 0 0 0
5014963683 0 0 0
5014963683 0 0 0
5014963683 0 0 0
5014963696 0 0 0
5014963696 0 0 0
5014963696 0 0 0
5014963696 0 0 0
5014963696 0 0 0
5014963696 0 0 0
5014963696 0 0 0
5014963696 0 0 0
5014963696 0 0 0
5014963696 0 0 0
5014963696 0 0 0
5014963709 0 0 0
5014963709 0 0 0
5014963709 0 0 0
5014963709 0 0 0
5014963709 0 0 0
5014963709 0 0 0
5014963709 0 0 0
5014963709 0 0 0
5014963709 0 0 0
5014963709 0 0 0
5014963709 0 0 0
5014963722 0 0 0
5014963722 0 0 0
5014963722 0 0 0
5014963722 0 0 0
5014963722 0 0 0
5014963722 0 0 0
5014963722 0 0 0
5014963722 0 0 0
5014963722 0 0 0
5014963722 0 0 0
5014963722 0 0 0
5014963735 0 0 0
5014963735 0 0 0
5014963735 1874 0 7
5014963735 0 0 0
5014963735 0 0 0
5014963735 0 0 0
5014963735 1874 0 7
5014963735 0 0 0
5014963735 1874 0 7
5014963735 0 0 0
5014963735 0 0 0
5014963748 1874 0 7
5014963748 1874 0 7
5014963748 0 0 0
5014963748 1874 0 7
5014963748 1874 0 0
5014963748 1874 0 7
5014963748 0 0 0
5014963748 1874 0 7
5014963748 0 0 0
5014963748 1874 0 7
5014963748 1874 0 7
5014963761 0 0 0
5014963761 0 0 0
5014963761 0 0 0
5014963761 0 0 0
5014963761 0 0 0
5014963761 0 0 0
5014963761 0 0 0
5014963761 0 0 0
5014963761 0 0 0
5014963761 0 0 0
5014963761 0 0 0
5014963774 0 0 0
5014963774 0 0 0
5014963774 0 0 0
5014963774 0 0 0
5014963774 0 0 0
5014963774 0 0 0
5014963774 0 0 0
5014963774 0 0 0
5014963774 0 0 0
5014963774 0 0 0
5014963774 0 0 0
5014963787 0 0 0
5014963787 0 0 0
5014963787 0 0 0
5014963787 0 0 0
5014963787 0 0 0
5014963787 0 0 0
5014963787 0 0 0
5014963787 0 0 0
5014963787 0 0 0
5014963787 0 0 0
5014963787 0 0 0
5014963800 0 0 0
5014963800 0 0 0
5014963800 0 0 0
5014963800 0 0 0
5014963800 0 0 0
5014963800 0 0 0
5014963800 0 0 0
5014963800 0 0 0
5014963800 0 0 0
5014963800 0 0 0
5014963800 0 0 0
5014963813 0 0 0
5014963813 0 0 0
5014963813 0 0 0
5014963813 0 0 0
5014963813 0 0 0
5014963813 0 0 0
5014963813 0 0 0
5014963813 0 0 0
5014963813 0 0 0
5014963813 0 0 0
5014963813 0 0 0
5014963826 0 0 0
5014963826 0 0 0
5014963826 0 0 0
5014963826 0 0 0
5014963826 0 0 0
5014963826 0 0 0
5014963826 0 0 0
5014963826 0 0 0
5014963826 0 0 0
5014963826 0 0 0
5014963826 0 0 0
5014963839 0 0 0
5014963839 0 0 0
5014963839 0 0 0
5014963839 0 0 0
5014963839 0 0 0
5014963839 0 0 0
5014963839 0 0 0
5014963839 0 0 0
5014963839 0 0 0
5014963839 0 0 0
5014963839 0 0 0
5014963852 0 0 0
5014963852 0 0 0
5014963852 0 0 0
5014963852 0 0 0
5014963852 0 0 0
5014963852 0 0 0
5014963852 0 0 0
5014963852 0 0 0
5014963852 0 0 0
5014963852 0 0 0
5014963852 0 0 0
5014963865 0 0 0
5014963865 0 0 0
5014963865 0 0 0
5014963865 0 0 0
5014963865 0 0 0
5014963865 0 0 0
5014963865 0 0 0
5014963865 0 0 0
5014963865 0 0 0
5014963865 0 0 0
5014963865 0 0 0
5014963878 0 0 0
5014963878 0 0 0
5014963878 0 0 0
5014963878 0 0 0
5014963878 0 0 0
5014963878 0 0 0
5014963878 0 0 0
5014963878 0 0 0
5014963878 0 0 0
5014963878 0 0 0
5014963878 0 0 0
5014963891 0 0 0
5014963891 0 0 0
5014963891 0 0 0
5014963891 0 0 0
5014963891 0 0 0
5014963891 0 0 0
5014963891 0 0 0
5014963891 0 0 0
5014963891 0 0 0
5014963891 0 0 0
5014963891 0 0 0
5014963904 0 0 0
5014963904 0 0 0
5014963904 0 0 0
5014963904 0 0 0
5014963904 0 0 0
5014963904 0 0 0
5014963904 0 0 0
5014963904 0 0 0
5014963904 0 0 0
5014963904 0 0 0
5014963904 0 0 0
5014963917 0 0 0
5014963917 0 0 0
5014963917 0 0 0
5014963917 0 0 0
5014963917 0 0 0
5014963917 0 0 0
5014963917 0 0 0
5014963917 0 0 0
5014963917 0 0 0
5014963917 0 0 0
5014963917 0 0 0
5014963930 0 0 0
5014963930 0 0 0
5014963930 0 0 0
5014963930 0 0 0
5014963930 0 0 0
5014963930 0 0 0
5014963930 0 0 0
5014963930 0 0 0
5014963930 0 0 0
5014963930 0 0 0
5014963930 0 0 0
5014963943 0 0 0
5014963943 0 0 0
5014963943 0 0 0
5014963943 0 0 0
5014963943 0 0 0
5014963943 0 0 0
5014963943 0 0 0
5014963943 0 0 0
5014963943 0 0 0
5014963943 0 0 0
5014963943 0 0 0
5014963956 0 0 0
5014963956 0 0 0
5014963956 0 0 0
5014963956 0 0 0
5014963956 0 0 0
5014963956 0 0 0
5014963956 0 0 0
5014963956 0 0 0
5014963956 0 0 0
5014963956 0 0 0
5014963956 0 0 0
5014963969 0 0 0
5014963969 0 0 0
5014963969 0 0 0
5014963969 0 0 0
5014963969 0 0 0
5014963969 0 0 0
5014963969 0 0 0
5014963969 0 0 0
5014963969 0 0 0
5014963969 0 0 0
5014963969 0 0 0
5014963982 0 0 0
5014963982 0 0 0
5014963982 0 0 0
5014963982 0 0 0
5014963982 0 0 0
5014963982 0 0 0
5014963982 0 0 0
5014963982 0 0 0
5014963982 1602 0 0
5014963982 0 0 0
5014963982 0 0 0
5014963995 1602 0 7
5014963995 353 0 7
5014963995 1602 0 7
5014963995 0 0 0
5014963995 1602 0 7
5014963995 1602 0 0
5014963995 1602 0 7
5014963995 1602 0 7
5014963995 0 0 0
5014963995 1602 0 7
5014963995 0 0 0
5014964008 0 0 0
5014964008 1249 0 0
5014964008 0 0 0
5014964008 1602 0 7
5014964008 0 0 0
5014964008 0 0 0
5014964008 0 0 0
5014964008 0 0 0
5014964008 0 0 0
5014964008 0 0 0
5014964008 1602 0 7
5014964021 0 0 0
5014964021 0 0 0
5014964021 0 0 0
5014964021 0 0 0
5014964021 0 0 0
5014964021 0 0 0
5014964021 0 0 0
5014964021 0 0 0
5014964021 0 0 0
5014964021 0 0 0
5014964021 0 0 0
5014964034 0 0 0
5014964034 0 0 0
5014964034 0 0 0
5014964034 0 0 0
5014964034 0 0 0
5014964034 0 0 0
5014964034 0 0 0
5014964034 0 0 0
5014964034 0 0 0
5014964034 0 0 0
5014964034 0 0 0
5014964047 0 0 0
5014964047 0 0 0
5014964047 0 0 0
5014964047 0 0 0
5014964047 0 0 0
5014964047 0 0 0
5014964047 0 0 0
5014964047 0 0 0
5014964047 0 0 0
5014964047 0 0 0
5014964047 0 0 0
5014964060 0 0 0
5014964060 0 0 0
5014964060 0 0 0
5014964060 0 0 0
5014964060 0 0 0
5014964060 0 0 0
5014964060 0 0 0
5014964060 0 0 0
5014964060 0 0 0
5014964060 0 0 0
5014964060 0 0 0
5014964073 0 0 0
5014964073 0 0 0
5014964073 0 0 0
5014964073 0 0 0
5014964073 0 0 0
5014964073 0 0 0
5014964073 0 0 0
5014964073 0 0 0
5014964073 0 0 0
5014964073 0 0 0
5014964073 0 0 0
5014964086 0 0 0
5014964086 0 0 0
5014964086 0 0 0
5014964086 0 0 0
5014964086 0 0 0
5014964086 0 0 0
5014964086 0 0 0
5014964086 0 0 0
5014964086 0 0 0
5014964086 0 0 0
5014964086 0 0 0
5014964099 0 0 0
5014964099 0 0 0
5014964099 0 0 0
5014964099 0 0 0
5014964099 0 0 0
5014964099 0 0 0
5014964099 0 0 0
5014964099 0 0 0
5014964099 0 0 0
5014964099 0 0 0
5014964099 0 0 0
5014964112 0 0 0
5014964112 0 0 0
5014964112 0 0 0
5014964112 0 0 0
5014964112 0 0 0
5014964112 0 0 0
5014964112 0 0 0
5014964112 0 0 0
5014964112 0 0 0
5014964112 0 0 0
5014964112 0 0 0
5014964125 0 0 0
5014964125 0 0 0
5014964125 0 0 0
5014964125 0 0 0
5014964125 0 0 0
5014964125 0 0 0
5014964125 0 0 0
5014964125 0 0 0
5014964125 0 0 0
5014964125 0 0 0
5014964125 0 0 0
5014964138 0 0 0
5014964138 0 0 0
5014964138 0 0 0
5014964138 0 0 0
5014964138 0 0 0
5014964138 0 0 0
5014964138 0 0 0
5014964138 0 0 0
5014964138 0 0 0
5014964138 0 0 0
5014964138 0 0 0
5014964151 0 0 0
5014964151 0 0 0
5014964151 0 0 0
5014964151 0 0 0
5014964151 0 0 0
5014964151 0 0 0
5014964151 0 0 0
5014964151 0 0 0
5014964151 0 0 0
5014964151 0 0 0
5014964151 0 0 0
5014964164 0 0 0
5014964164 0 0 0
5014964164 0 0 0
5014964164 0 0 0
5014964164 0 0 0
5014964164 0 0 0
5014964164 0 0 0
5014964164 0 0 0
5014964164 0 0 0
5014964164 0 0 0
5014964164 0 0 0
5014964177 0 0 0
5014964177 0 0 0
5014964177 0 0 0
5014964177 0 0 0
5014964177 0 0 0
5014964177 0 0 0
5014964177 0 0 0
5014964177 0 0 0
5014964177 0 0 0
5014964177 0 0 0
5014964177 0 0 0
5014964190 0 0 0
5014964190 0 0 0
5014964190 0 0 0
5014964190 0 0 0
5014964190 0 0 0
5014964190 0 0 0
5014964190 0 0 0
5014964190 0 0 0
5014964190 0 0 0
5014964190 0 0 0
5014964190 0 0 0
5014964203 0 0 0
5014964203 0 0 0
5014964203 0 0 0
5014964203 0 0 0
5014964203 0 0 0
5014964203 0 0 0
5014964203 0 0 0
5014964203 0 0 0
5014964203 0 0 0
5014964203 0 0 0
5014964203 0 0 0
5014964216 0 0 0
5014964216 0 0 0
5014964216 0 0 0
5014964216 0 0 0
5014964216 0 0 0
5014964216 0 0 0
5014964216 0 0 0
5014964216 0 0 0
5014964216 0 0 0
5014964216 0 0 0
5014964216 0 0 0
5014964229 0 0 0
5014964229 0 0 0
5014964229 0 0 0
5014964229 0 0 0
5014964229 0 0 0
5014964229 0 0 0
5014964229 0 0 0
5014964229 0 0 0
5014964229 1252 0 7
5014964229 0 0 0
5014964229 0 0 0
5014964242 1252 0 7
5014964242 0 0 0
5014964242 1252 0 7
5014964242 0 0 0
5014964242 573 0 7
5014964242 1252 0 7
5014964242 1252 0 0
5014964242 0 0 0
5014964242 0 0 0
5014964242 1252 0 7
5014964242 0 0 0
5014964255 0 0 0
5014964255 1252 0 7
5014964255 0 0 0
5014964255 1252 0 0
5014964255 679 0 0
5014964255 0 0 0
5014964255 0 0 0
5014964255 1252 0 7
5014964255 0 0 0
5014964255 0 0 0
5014964255 1252 0 0
5014964268 0 0 0
5014964268 0 0 0
5014964268 0 0 0
5014964268 0 0 0
5014964268 0 0 0
5014964268 0 0 0
5014964268 0 0 0
5014964268 0 0 0
5014964268 0 0 0
5014964268 0 0 0
5014964268 0 0 0
5014964281 0 0 0
5014964281 0 0 0
5014964281 0 0 0
5014964281 0 0 0
5014964281 0 0 0
5014964281 0 0 0
5014964281 0 0 0
5014964281 0 0 0
5014964281 0 0 0
5014964281 0 0 0
5014964281 0 0 0
5014964294 0 0 0
5014964294 0 0 0
5014964294 0 0 0
5014964294 0 0 0
5014964294 0 0 0
5014964294 0 0 0
5014964294 0 0 0
5014964294 0 0 0
5014964294 0 0 0
5014964294 0 0 0
5014964294 0 0 0
5014964307 0 0 0
5014964307 0 0 0
5014964307 0 0 0
5014964307 0 0 0
5014964307 0 0 0
5014964307 0 0 0
5014964307 0 0 0
5014964307 0 0 0
5014964307 0 0 0
5014964307 0 0 0
5014964307 0 0 0
5014964320 0 0 0
5014964320 0 0 0
5014964320 0 0 0
5014964320 0 0 0
5014964320 0 0 0
5014964320 0 0 0
5014964320 0 0 0
5014964320 0 0 0
5014964320 0 0 0
5014964320 0 0 0
5014964320 0 0 0
5014964333 0 0 0
5014964333 0 0 0
5014964333 0 0 0
5014964333 0 0 0
5014964333 0 0 0
5014964333 0 0 0
5014964333 0 0 0
5014964333 0 0 0
5014964333 0 0 0
5014964333 0 0 0
5014964333 0 0 0
5014964346 0 0 0
5014964346 0 0 0
5014964346 0 0 0
5014964346 0 0 0
5014964346 0 0 0
5014964346 0 0 0
5014964346 0 0 0
5014964346 0 0 0
5014964346 0 0 0
5014964346 0 0 0
5014964346 0 0 0
5014964359 0 0 0
5014964359 0 0 0
5014964359 0 0 0
5014964359 0 0 0
5014964359 0 0 0
5014964359 0 0 0
5014964359 0 0 0
5014964359 0 0 0
5014964359 0 0 0
5014964359 0 0 0
5014964359 0 0 0
5014964372 0 0 0
5014964372 0 0 0
5014964372 0 0 0
5014964372 0 0 0
5014964372 0 0 0
5014964372 0 0 0
5014964372 0 0 0
5014964372 0 0 0
5014964372 0 0 0
5014964372 0 0 0
5014964372 0 0 0
5014964385 0 0 0
5014964385 0 0 0
5014964385 0 0 0
5014964385 0 0 0
5014964385 0 0 0
5014964385 0 0 0
5014964385 0 0 0
5014964385 0 0 0
5014964385 0 0 0
5014964385 0 0 0
5014964385 0 0 0
5014964398 0 0 0
5014964398 0 0 0
5014964398 0 0 0
5014964398 0 0 0
5014964398 0 0 0
5014964398 0 0 0
5014964398 0 0 0
5014964398 0 0 0
5014964398 0 0 0
5014964398 0 0 0
5014964398 0 0 0
5014964411 0 0 0
5014964411 0 0 0
5014964411 0 0 0
5014964411 0 0 0
5014964411 0 0 0
5014964411 0 0 0
5014964411 0 0 0
5014964411 0 0 0
5014964411 0 0 0
5014964411 0 0 0
5014964411 0 0 0
5014964424 0 0 0
5014964424 0 0 0
5014964424 0 0 0
5014964424 0 0 0
5014964424 0 0 0
5014964424 0 0 0
5014964424 0 0 0
5014964424 0 0 0
5014964424 0 0 0
5014964424 0 0 0
5014964424 0 0 0
5014964437 0 0 0
5014964437 0 0 0
5014964437 0 0 0
5014964437 0 0 0
5014964437 0 0 0
5014964437 0 0 0
5014964437 0 0 0
5014964437 0 0 0
5014964437 0 0 0
5014964437 0 0 0
5014964437 0 0 0
5014964450 0 0 0
5014964450 0 0 0
5014964450 0 0 0
5014964450 0 0 0
5014964450 0 0 0
5014964450 0 0 0
5014964450 0 0 0
5014964450 0 0 0
5014964450 0 0 0
5014964450 0 0 0
5014964450 0 0 0
5014964463 0 0 0
5014964463 0 0 0
5014964463 0 0 0
5014964463 0 0 0
5014964463 0 0 0
5014964463 0 0 0
5014964463 0 0 0
5014964463 0 0 0
5014964463 0 0 0
5014964463 0 0 0
5014964463 0 0 0
5014964476 0 0 0
5014964476 0 0 0
5014964476 0 0 0
5014964476 0 0 0
5014964476 0 0 0
5014964476 0 0 0
5014964476 0 0 0
5014964476 0 0 0
5014964476 0 0 0
5014964476 0 0 0
5014964476 0 0 0
5014964489 0 0 0
5014964489 0 0 0
5014964489 982 0 0
5014964489 0 0 0
5014964489 0 0 0
5014964489 0 0 0
5014964489 982 0 7
5014964489 0 0 0
5014964489 982 0 7
5014964489 982 0 0
5014964489 0 0 0
5014964502 982 0 0
5014964502 982 0 7
5014964502 0 0 0
5014964502 982 0 7
5014964502 982 0 7
5014964502 982 0 7
5014964502 0 0 0
5014964502 982 0 7
5014964502 0 0 0
5014964502 0 0 0
5014964502 982 0 7
5014964515 0 0 0
5014964515 0 0 0
5014964515 0 0 0
5014964515 0 0 0
5014964515 0 0 0
5014964515 0 0 0
5014964515 0 0 0
5014964515 0 0 0
5014964515 0 0 0
5014964515 0 0 0
5014964515 0 0 0
5014964528 0 0 0
5014964528 0 0 0
5014964528 0 0 0
5014964528 0 0 0
5014964528 0 0 0
5014964528 0 0 0
5014964528 0 0 0
5014964528 0 0 0
5014964528 0 0 0
5014964528 0 0 0
5014964528 0 0 0
5014964541 0 0 0
5014964541 0 0 0
5014964541 0 0 0
5014964541 0 0 0
5014964541 0 0 0
5014964541 0 0 0
5014964541 0 0 0
5014964541 0 0 0
5014964541 0 0 0
5014964541 0 0 0
5014964541 0 0 0
5014964554 0 0 0
5014964554 0 0 0
5014964554 0 0 0
5014964554 0 0 0
5014964554 0 0 0
5014964554 0 0 0
5014964554 0 0 0
5014964554 0 0 0
5014964554 0 0 0
5014964554 0 0 0
5014964554 0 0 0
5014964567 0 0 0
5014964567 0 0 0
5014964567 0 0 0
5014964567 0 0 0
5014964567 0 0 0
5014964567 0 0 0
5014964567 0 0 0
5014964567 0 0 0
5014964567 0 0 0
5014964567 0 0 0
5014964567 0 0 0
5014964580 0 0 0
5014964580 0 0 0
5014964580 0 0 0
5014964580 0 0 0
5014964580 0 0 0
5014964580 0 0 0
5014964580 0 0 0
5014964580 0 0 0
5014964580 0 0 0
5014964580 0 0 0
5014964580 0 0 0
5014964593 0 0 0
5014964593 0 0 0
5014964593 0 0 0
5014964593 0 0 0
5014964593 0 0 0
5014964593 0 0 0
5014964593 0 0 0
5014964593 0 0 0
5014964593 0 0 0
5014964593 0 0 0
5014964593 0 0 0
5014964606 0 0 0
5014964606 0 0 0
5014964606 0 0 0
5014964606 0 0 0
5014964606 0 0 0
5014964606 0 0 0
5014964606 0 0 0
5014964606 0 0 0
5014964606 0 0 0
5014964606 0 0 0
5014964606 0 0 0
5014964619 0 0 0
5014964619 0 0 0
5014964619 0 0 0
5014964619 0 0 0
5014964619 0 0 0
5014964619 0 0 0
5014964619 0 0 0
5014964619 0 0 0
5014964619 0 0 0
5014964619 0 0 0
5014964619 0 0 0
5014964632 0 0 0
5014964632 0 0 0
5014964632 0 0 0
5014964632 0 0 0
5014964632 0 0 0
5014964632 0 0 0
5014964632 0 0 0
5014964632 0 0 0
5014964632 0 0 0
5014964632 0 0 0
5014964632 0 0 0
5014964645 0 0 0
5014964645 0 0 0
5014964645 0 0 0
5014964645 0 0 0
5014964645 0 0 0
5014964645 0 0 0
5014964645 0 0 0
5014964645 0 0 0
5014964645 0 0 0
5014964645 0 0 0
5014964645 0 0 0
5014964658 0 0 0
5014964658 0 0 0
5014964658 0 0 0
5014964658 0 0 0
5014964658 0 0 0
5014964658 0 0 0
5014964658 0 0 0
5014964658 0 0 0
5014964658 0 0 0
5014964658 0 0 0
5014964658 0 0 0
5014964671 0 0 0
5014964671 0 0 0
5014964671 0 0 0
5014964671 0 0 0
5014964671 0 0 0
5014964671 0 0 0
5014964671 0 0 0
5014964671 0 0 0
5014964671 0 0 0
5014964671 0 0 0
5014964671 0 0 0
5014964684 0 0 0
5014964684 0 0 0
5014964684 0 0 0
5014964684 0 0 0
5014964684 0 0 0
5014964684 0 0 0
5014964684 0 0 0
5014964684 0 0 0
5014964684 0 0 0
5014964684 0 0 0
5014964684 0 0 0
5014964697 0 0 0
5014964697 0 0 0
5014964697 0 0 0
5014964697 0 0 0
5014964697 0 0 0
5014964697 0 0 0
5014964697 0 0 0
5014964697 0 0 0
5014964697 0 0 0
5014964697 0 0 0
5014964697 0 0 0
5014964710 0 0 0
5014964710 0 0 0
5014964710 0 0 0
5014964710 0 0 0
5014964710 0 0 0
5014964710 0 0 0
5014964710 0 0 0
5014964710 0 0 0
5014964710 0 0 0
5014964710 0 0 0
5014964710 0 0 0
5014964723 0 0 0
5014964723 0 0 0
5014964723 0 0 0
5014964723 0 0 0
5014964723 0 0 0
5014964723 0 0 0
5014964723 0 0 0
5014964723 0 0 0
5014964723 0 0 0
5014964723 0 0 0
5014964723 0 0 0
5014964736 0 0 0
5014964736 0 0 0
5014964736 897 0 0
5014964736 0 0 0
5014964736 0 0 0
5014964736 0 0 0
5014964736 654 0 7
5014964736 0 0 0
5014964736 897 0 7
5014964736 0 0 0
5014964736 0 0 0
5014964749 897 0 7
5014964749 897 0 0
5014964749 0 0 0
5014964749 582 0 7
5014964749 897 0 0
5014964749 897 0 7
5014964749 243 0 0
5014964749 897 0 0
5014964749 0 0 0
5014964749 897 0 7
5014964749 395 0 7
5014964762 0 0 0
5014964762 0 0 0
5014964762 0 0 0
5014964762 315 0 0
5014964762 0 0 0
5014964762 0 0 0
5014964762 0 0 0
5014964762 0 0 0
5014964762 0 0 0
5014964762 0 0 0
5014964762 502 0 0
5014964775 0 0 0
5014964775 0 0 0
5014964775 0 0 0
5014964775 0 0 0
5014964775 0 0 0
5014964775 0 0 0
5014964775 0 0 0
5014964775 0 0 0
5014964775 0 0 0
5014964775 0 0 0
5014964775 0 0 0
5014964788 0 0 0
5014964788 0 0 0
5014964788 0 0 0
5014964788 0 0 0
5014964788 0 0 0
5014964788 0 0 0
5014964788 0 0 0
5014964788 0 0 0
5014964788 0 0 0
5014964788 0 0 0
5014964788 0 0 0
5014964801 0 0 0
5014964801 0 0 0
5014964801 0 0 0
5014964801 0 0 0
5014964801 0 0 0
5014964801 0 0 0
5014964801 0 0 0
5014964801 0 0 0
5014964801 0 0 0
5014964801 0 0 0
5014964801 0 0 0
5014964814 0 0 0
5014964814 0 0 0
5014964814 0 0 0
5014964814 0 0 0
5014964814 0 0 0
5014964814 0 0 0
5014964814 0 0 0
5014964814 0 0 0
5014964814 0 0 0
5014964814 0 0 0
5014964814 0 0 0
5014964827 0 0 0
5014964827 0 0 0
5014964827 0 0 0
5014964827 0 0 0
5014964827 0 0 0
5014964827 0 0 0
5014964827 0 0 0
5014964827 0 0 0
5014964827 0 0 0
5014964827 0 0 0
5014964827 0 0 0
5014964840 0 0 0
5014964840 0 0 0
5014964840 0 0 0
5014964840 0 0 0
5014964840 0 0 0
5014964840 0 0 0
5014964840 0 0 0
5014964840 0 0 0
5014964840 0 0 0
5014964840 0 0 0
5014964840 0 0 0
5014964853 0 0 0
5014964853 0 0 0
5014964853 0 0 0
5014964853 0 0 0
5014964853 0 0 0
5014964853 0 0 0
5014964853 0 0 0
5014964853 0 0 0
5014964853 0 0 0
5014964853 0 0 0
5014964853 0 0 0
5014964866 0 0 0
5014964866 0 0 0
5014964866 0 0 0
5014964866 0 0 0
5014964866 0 0 0
5014964866 0 0 0
5014964866 0 0 0
5014964866 0 0 0
5014964866 0 0 0
5014964866 0 0 0
5014964866 0 0 0
5014964879 0 0 0
5014964879 0 0 0
5014964879 0 0 0
5014964879 0 0 0
5014964879 0 0 0
5014964879 0 0 0
5014964879 0 0 0
5014964879 0 0 0
5014964879 0 0 0
5014964879 0 0 0
5014964879 0 0 0
5014964892 0 0 0
5014964892 0 0 0
5014964892 0 0 0
5014964892 0 0 0
5014964892 0 0 0
5014964892 0 0 0
5014964892 0 0 0
5014964892 0 0 0
5014964892 0 0 0
5014964892 0 0 0
5014964892 0 0 0
5014964905 0 0 0
5014964905 0 0 0
5014964905 0 0 0
5014964905 0 0 0
5014964905 0 0 0
5014964905 0 0 0
5014964905 0 0 0
5014964905 0 0 0
5014964905 0 0 0
5014964905 0 0 0
5014964905 0 0 0
5014964918 0 0 0
5014964918 0 0 0
5014964918 0 0 0
5014964918 0 0 0
5014964918 0 0 0
5014964918 0 0 0
5014964918 0 0 0
5014964918 0 0 0
5014964918 0 0 0
5014964918 0 0 0
5014964918 0 0 0
5014964931 0 0 0
5014964931 0 0 0
5014964931 0 0 0
5014964931 0 0 0
5014964931 0 0 0
5014964931 0 0 0
5014964931 0 0 0
5014964931 0 0 0
5014964931 0 0 0
5014964931 0 0 0
5014964931 0 0 0
5014964944 0 0 0
5014964944 0 0 0
5014964944 0 0 0
5014964944 0 0 0
5014964944 0 0 0
5014964944 0 0 0
5014964944 0 0 0
5014964944 0 0 0
5014964944 0 0 0
5014964944 0 0 0
5014964944 0 0 0
5014964957 0 0 0
5014964957 0 0 0
5014964957 0 0 0
5014964957 0 0 0
5014964957 0 0 0
5014964957 0 0 0
5014964957 0 0 0
5014964957 0 0 0
5014964957 0 0 0
5014964957 0 0 0
5014964957 0 0 0
5014964970 0 0 0
5014964970 0 0 0
5014964970 0 0 0
5014964970 0 0 0
5014964970 0 0 0
5014964970 0 0 0
5014964970 0 0 0
5014964970 0 0 0
5014964970 0 0 0
5014964970 0 0 0
5014964970 0 0 0
5014964983 0 0 0
5014964983 0 0 0
5014964983 0 0 0
5014964983 0 0 0
5014964983 0 0 0
5014964983 0 0 0
5014964983 0 0 0
5014964983 0 0 0
5014964983 721 0 0
5014964983 0 0 0
5014964983 0 0 0
5014964996 721 0 7
5014964996 0 0 0
5014964996 721 0 7
5014964996 0 0 0
5014964996 721 0 7
5014964996 721 0 0
5014964996 721 0 7
5014964996 721 0 7
5014964996 0 0 0
5014964996 721 0 7
5014964996 0 0 0
5014965009 0 0 0
5014965009 721 0 7
5014965009 0 0 0
5014965009 721 0 0
5014965009 0 0 0
5014965009 0 0 0
5014965009 0 0 0
5014965009 0 0 0
5014965009 0 0 0
5014965009 0 0 0
5014965009 721 0 0
5014965022 0 0 0
5014965022 0 0 0
5014965022 0 0 0
5014965022 0 0 0
5014965022 0 0 0
5014965022 0 0 0
5014965022 0 0 0
5014965022 0 0 0
5014965022 0 0 0
5014965022 0 0 0
5014965022 0 0 0
5014965035 0 0 0
5014965035 0 0 0
5014965035 0 0 0
5014965035 0 0 0
5014965035 0 0 0
5014965035 0 0 0
5014965035 0 0 0
5014965035 0 0 0
5014965035 0 0 0
5014965035 0 0 0
5014965035 0 0 0
5014965048 0 0 0
5014965048 0 0 0
5014965048 0 0 0
5014965048 0 0 0
5014965048 0 0 0
5014965048 0 0 0
5014965048 0 0 0
5014965048 0 0 0
5014965048 0 0 0
5014965048 0 0 0
5014965048 0 0 0
5014965061 0 0 0
5014965061 0 0 0
5014965061 0 0 0
5014965061 0 0 0
5014965061 0 0 0
5014965061 0 0 0
5014965061 0 0 0
5014965061 0 0 0
5014965061 0 0 0
5014965061 0 0 0
5014965061 0 0 0
5014965074 0 0 0
5014965074 0 0 0
5014965074 0 0 0
5014965074 0 0 0
5014965074 0 0 0
5014965074 0 0 0
5014965074 0 0 0
5014965074 0 0 0
5014965074 0 0 0
5014965074 0 0 0
5014965074 0 0 0
5014965087 0 0 0
5014965087 0 0 0
5014965087 0 0 0
5014965087 0 0 0
5014965087 0 0 0
5014965087 0 0 0
5014965087 0 0 0
5014965087 0 0 0
5014965087 0 0 0
5014965087 0 0 0
5014965087 0 0 0
5014965100 0 0 0
5014965100 0 0 0
5014965100 0 0 0
5014965100 0 0 0
5014965100 0 0 0
5014965100 0 0 0
5014965100 0 0 0
5014965100 0 0 0
5014965100 0 0 0
5014965100 0 0 0
5014965100 0 0 0
5014965113 0 0 0
5014965113 0 0 0
5014965113 0 0 0
5014965113 0 0 0
5014965113 0 0 0
5014965113 0 0 0
5014965113 0 0 0
5014965113 0 0 0
5014965113 0 0 0
5014965113 0 0 0
5014965113 0 0 0
5014965126 0 0 0
5014965126 0 0 0
5014965126 0 0 0
5014965126 0 0 0
5014965126 0 0 0
5014965126 0 0 0
5014965126 0 0 0
5014965126 0 0 0
5014965126 0 0 0
5014965126 0 0 0
5014965126 0 0 0
5014965139 0 0 0
5014965139 0 0 0
5014965139 0 0 0
5014965139 0 0 0
5014965139 0 0 0
5014965139 0 0 0
5014965139 0 0 0
5014965139 0 0 0
5014965139 0 0 0
5014965139 0 0 0
5014965139 0 0 0
5014965152 0 0 0
5014965152 0 0 0
5014965152 0 0 0
5014965152 0 0 0
5014965152 0 0 0
5014965152 0 0 0
5014965152 0 0 0
5014965152 0 0 0
5014965152 0 0 0
5014965152 0 0 0
5014965152 0 0 0
5014965165 0 0 0
5014965165 0 0 0
5014965165 0 0 0
5014965165 0 0 0
5014965165 0 0 0
5014965165 0 0 0
5014965165 0 0 0
5014965165 0 0 0
5014965165 0 0 0
5014965165 0 0 0
5014965165 0 0 0
5014965178 0 0 0
5014965178 0 0 0
5014965178 0 0 0
5014965178 0 0 0
5014965178 0 0 0
5014965178 0 0 0
5014965178 0 0 0
5014965178 0 0 0
5014965178 0 0 0
5014965178 0 0 0
5014965178 0 0 0
5014965191 0 0 0
5014965191 0 0 0
5014965191 0 0 0
5014965191 0 0 0
5014965191 0 0 0
5014965191 0 0 0
5014965191 0 0 0
5014965191 0 0 0
5014965191 0 0 0
5014965191 0 0 0
5014965191 0 0 0
5014965204 0 0 0
5014965204 0 0 0
5014965204 0 0 0
5014965204 0 0 0
5014965204 0 0 0
5014965204 0 0 0
5014965204 0 0 0
5014965204 0 0 0
5014965204 0 0 0
5014965204 0 0 0
5014965204 0 0 0
5014965217 0 0 0
5014965217 0 0 0
5014965217 0 0 0
5014965217 0 0 0
5014965217 0 0 0
5014965217 0 0 0
5014965217 0 0 0
5014965217 0 0 0
5014965217 0 0 0
5014965217 0 0 0
5014965217 0 0 0
5014965230 0 0 0
5014965230 0 0 0
5014965230 0 0 0
5014965230 0 0 0
5014965230 0 0 0
5014965230 0 0 0
5014965230 0 0 0
5014965230 0 0 0
5014965230 291 0 7
5014965230 0 0 0
5014965230 0 0 0
5014965243 621 0 0
5014965243 0 0 0
5014965243 621 0 7
5014965243 0 0 0
5014965243 0 0 0
5014965243 303 0 7
5014965243 621 0 0
5014965243 0 0 0
5014965243 330 0 0
5014965243 621 0 0
5014965243 0 0 0
5014965256 0 0 0
5014965256 621 0 0
5014965256 0 0 0
5014965256 621 0 7
5014965256 621 0 0
5014965256 318 0 0
5014965256 0 0 0
5014965256 621 0 0
5014965256 0 0 0
5014965256 0 0 0
5014965256 621 0 7
5014965269 0 0 0
5014965269 0 0 0
5014965269 0 0 0
5014965269 0 0 0
5014965269 0 0 0
5014965269 0 0 0
5014965269 0 0 0
5014965269 0 0 0
5014965269 0 0 0
5014965269 0 0 0
5014965269 0 0 0
5014965282 0 0 0
5014965282 0 0 0
5014965282 0 0 0
5014965282 0 0 0
5014965282 0 0 0
5014965282 0 0 0
5014965282 0 0 0
5014965282 0 0 0
5014965282 0 0 0
5014965282 0 0 0
5014965282 0 0 0
5014965295 0 0 0
5014965295 0 0 0
5014965295 0 0 0
5014965295 0 0 0
5014965295 0 0 0
5014965295 0 0 0
5014965295 0 0 0
5014965295 0 0 0
5014965295 0 0 0
5014965295 0 0 0
5014965295 0 0 0
5014965308 0 0 0
5014965308 0 0 0
5014965308 0 0 0
5014965308 0 0 0
5014965308 0 0 0
5014965308 0 0 0
5014965308 0 0 0
5014965308 0 0 0
5014965308 0 0 0
5014965308 0 0 0
5014965308 0 0 0
5014965321 0 0 0
5014965321 0 0 0
5014965321 0 0 0
5014965321 0 0 0
5014965321 0 0 0
5014965321 0 0 0
5014965321 0 0 0
5014965321 0 0 0
5014965321 0 0 0
5014965321 0 0 0
5014965321 0 0 0
5014965334 0 0 0
5014965334 0 0 0
5014965334 0 0 0
5014965334 0 0 0
5014965334 0 0 0
5014965334 0 0 0
5014965334 0 0 0
5014965334 0 0 0
5014965334 0 0 0
5014965334 0 0 0
5014965334 0 0 0
5014965347 0 0 0
5014965347 0 0 0
5014965347 0 0 0
5014965347 0 0 0
5014965347 0 0 0
5014965347 0 0 0
5014965347 0 0 0
5014965347 0 0 0
5014965347 0 0 0
5014965347 0 0 0
5014965347 0 0 0
5014965360 0 0 0
5014965360 0 0 0
5014965360 0 0 0
5014965360 0 0 0
5014965360 0 0 0
5014965360 0 0 0
5014965360 0 0 0
5014965360 0 0 0
5014965360 0 0 0
5014965360 0 0 0
5014965360 0 0 0
5014965373 0 0 0
5014965373 0 0 0
5014965373 0 0 0
5014965373 0 0 0
5014965373 0 0 0
5014965373 0 0 0
5014965373 0 0 0
5014965373 0 0 0
5014965373 0 0 0
5014965373 0 0 0
5014965373 0 0 0
5014965386 0 0 0
5014965386 0 0 0
5014965386 0 0 0
5014965386 0 0 0
5014965386 0 0 0
5014965386 0 0 0
5014965386 0 0 0
5014965386 0 0 0
5014965386 0 0 0
5014965386 0 0 0
5014965386 0 0 0
5014965399 0 0 0
5014965399 0 0 0
5014965399 0 0 0
5014965399 0 0 0
5014965399 0 0 0
5014965399 0 0 0
5014965399 0 0 0
5014965399 0 0 0
5014965399 0 0 0
5014965399 0 0 0
5014965399 0 0 0
5014965412 0 0 0
5014965412 0 0 0
5014965412 0 0 0
5014965412 0 0 0
5014965412 0 0 0
5014965412 0 0 0
5014965412 0 0 0
5014965412 0 0 0
5014965412 0 0 0
5014965412 0 0 0
5014965412 0 0 0
5014965425 0 0 0
5014965425 0 0 0
5014965425 0 0 0
5014965425 0 0 0
5014965425 0 0 0
5014965425 0 0 0
5014965425 0 0 0
5014965425 0 0 0
5014965425 0 0 0
5014965425 0 0 0
5014965425 0 0 0
5014965438 0 0 0
5014965438 0 0 0
5014965438 0 0 0
5014965438 0 0 0
5014965438 0 0 0
5014965438 0 0 0
5014965438 0 0 0
5014965438 0 0 0
5014965438 0 0 0
5014965438 0 0 0
5014965438 0 0 0
5014965451 0 0 0
5014965451 0 0 0
5014965451 0 0 0
5014965451 0 0 0
5014965451 0 0 0
5014965451 0 0 0
5014965451 0 0 0
5014965451 0 0 0
5014965451 0 0 0
5014965451 0 0 0
5014965451 0 0 0
5014965464 0 0 0
5014965464 0 0 0
5014965464 0 0 0
5014965464 0 0 0
5014965464 0 0 0
5014965464 0 0 0
5014965464 0 0 0
5014965464 0 0 0
5014965464 0 0 0
5014965464 0 0 0
5014965464 0 0 0
5014965477 0 0 0
5014965477 0 0 0
5014965477 0 0 0
5014965477 0 0 0
5014965477 0 0 0
5014965477 0 0 0
5014965477 0 0 0
5014965477 0 0 0
5014965477 0 0 0
5014965477 0 0 0
5014965477 0 0 0
5014965490 0 0 0
5014965490 0 0 0
5014965490 481 0 0
5014965490 0 0 0
5014965490 0 0 0
5014965490 0 0 0
5014965490 481 0 7
5014965490 0 0 0
5014965490 481 0 0
5014965490 0 0 0
5014965490 0 0 0
5014965503 481 0 7
5014965503 481 0 7
5014965503 0 0 0
5014965503 481 0 0
5014965503 481 0 7
5014965503 481 0 0
5014965503 0 0 0
5014965503 481 0 7
5014965503 0 0 0
5014965503 481 0 7
5014965503 481 0 0
5014965516 0 0 0
5014965516 0 0 0
5014965516 0 0 0
5014965516 0 0 0
5014965516 0 0 0
5014965516 0 0 0
5014965516 0 0 0
5014965516 0 0 0
5014965516 0 0 0
5014965516 0 0 0
5014965516 0 0 0
5014965529 0 0 0
5014965529 0 0 0
5014965529 0 0 0
5014965529 0 0 0
5014965529 0 0 0
5014965529 0 0 0
5014965529 0 0 0
5014965529 0 0 0
5014965529 0 0 0
5014965529 0 0 0
5014965529 0 0 0
5014965542 0 0 0
5014965542 0 0 0
5014965542 0 0 0
5014965542 0 0 0
5014965542 0 0 0
5014965542 0 0 0
5014965542 0 0 0
5014965542 0 0 0
5014965542 0 0 0
5014965542 0 0 0
5014965542 0 0 0
5014965555 0 0 0
5014965555 0 0 0
5014965555 0 0 0
5014965555 0 0 0
5014965555 0 0 0
5014965555 0 0 0
5014965555 0 0 0
5014965555 0 0 0
5014965555 0 0 0
5014965555 0 0 0
5014965555 0 0 0
5014965568 0 0 0
5014965568 0 0 0
5014965568 0 0 0
5014965568 0 0 0
5014965568 0 0 0
5014965568 0 0 0
5014965568 0 0 0
5014965568 0 0 0
5014965568 0 0 0
5014965568 0 0 0
5014965568 0 0 0
5014965581 0 0 0
5014965581 0 0 0
5014965581 0 0 0
5014965581 0 0 0
5014965581 0 0 0
5014965581 0 0 0
5014965581 0 0 0
5014965581 0 0 0
5014965581 0 0 0
5014965581 0 0 0
5014965581 0 0 0
5014965594 0 0 0
5014965594 0 0 0
5014965594 0 0 0
5014965594 0 0 0
5014965594 0 0 0
5014965594 0 0 0
5014965594 0 0 0
5014965594 0 0 0
5014965594 0 0 0
5014965594 0 0 0
5014965594 0 0 0
5014965607 0 0 0
5014965607 0 0 0
5014965607 0 0 0
5014965607 0 0 0
5014965607 0 0 0
5014965607 0 0 0
5014965607 0 0 0
5014965607 0 0 0
5014965607 0 0 0
5014965607 0 0 0
5014965607 0 0 0
5014965620 0 0 0
5014965620 0 0 0
5014965620 0 0 0
5014965620 0 0 0
5014965620 0 0 0
5014965620 0 0 0
5014965620 0 0 0
5014965620 0 0 0
5014965620 0 0 0
5014965620 0 0 0
5014965620 0 0 0
5014965633 0 0 0
5014965633 0 0 0
5014965633 0 0 0
5014965633 0 0 0
5014965633 0 0 0
5014965633 0 0 0
5014965633 0 0 0
5014965633 0 0 0
5014965633 0 0 0
5014965633 0 0 0
5014965633 0 0 0
5014965646 0 0 0
5014965646 0 0 0
5014965646 0 0 0
5014965646 0 0 0
5014965646 0 0 0
5014965646 0 0 0
5014965646 0 0 0
5014965646 0 0 0
5014965646 0 0 0
5014965646 0 0 0
5014965646 0 0 0
5014965659 0 0 0
5014965659 0 0 0
5014965659 0 0 0
5014965659 0 0 0
5014965659 0 0 0
5014965659 0 0 0
5014965659 0 0 0
5014965659 0 0 0
5014965659 0 0 0
5014965659 0 0 0
5014965659 0 0 0
5014965672 0 0 0
5014965672 0 0 0
5014965672 0 0 0
5014965672 0 0 0
5014965672 0 0 0
5014965672 0 0 0
5014965672 0 0 0
5014965672 0 0 0
5014965672 0 0 0
5014965672 0 0 0
5014965672 0 0 0
5014965685 0 0 0
5014965685 0 0 0
5014965685 0 0 0
5014965685 0 0 0
5014965685 0 0 0
5014965685 0 0 0
5014965685 0 0 0
5014965685 0 0 0
5014965685 0 0 0
5014965685 0 0 0
5014965685 0 0 0
5014965698 0 0 0
5014965698 0 0 0
5014965698 0 0 0
5014965698 0 0 0
5014965698 0 0 0
5014965698 0 0 0
5014965698 0 0 0
5014965698 0 0 0
5014965698 0 0 0
5014965698 0 0 0
5014965698 0 0 0
5014965711 0 0 0
5014965711 0 0 0
5014965711 0 0 0
5014965711 0 0 0
5014965711 0 0 0
5014965711 0 0 0
5014965711 0 0 0
5014965711 0 0 0
5014965711 0 0 0
5014965711 0 0 0
5014965711 0 0 0
5014965724 0 0 0
5014965724 0 0 0
5014965724 0 0 0
5014965724 0 0 0
5014965724 0 0 0
5014965724 0 0 0
5014965724 0 0 0
5014965724 0 0 0
5014965724 0 0 0
5014965724 0 0 0
5014965724 0 0 0
5014965737 0 0 0
5014965737 0 0 0
5014965737 0 0 0
5014965737 0 0 0
5014965737 0 0 0
5014965737 0 0 0
5014965737 0 0 0
5014965737 0 0 0
5014965737 398 0 7
5014965737 0 0 0
5014965737 0 0 0
5014965750 398 0 0
5014965750 398 0 0
5014965750 398 0 0
5014965750 0 0 0
5014965750 398 0 0
5014965750 398 0 7
5014965750 398 0 0
5014965750 398 0 0
5014965750 0 0 0
5014965750 398 0 0
5014965750 0 0 0
5014965763 0 0 0
5014965763 0 0 0
5014965763 0 0 0
5014965763 398 0 7
5014965763 0 0 0
5014965763 0 0 0
5014965763 0 0 0
5014965763 0 0 0
5014965763 0 0 0
5014965763 0 0 0
5014965763 398 0 7
5014965776 0 0 0
5014965776 0 0 0
5014965776 0 0 0
5014965776 0 0 0
5014965776 0 0 0
5014965776 0 0 0
5014965776 0 0 0
5014965776 0 0 0
5014965776 0 0 0
5014965776 0 0 0
5014965776 0 0 0
5014965789 0 0 0
5014965789 0 0 0
5014965789 0 0 0
5014965789 0 0 0
5014965789 0 0 0
5014965789 0 0 0
5014965789 0 0 0
5014965789 0 0 0
5014965789 0 0 0
5014965789 0 0 0
5014965789 0 0 0
5014965802 0 0 0
5014965802 0 0 0
5014965802 0 0 0
5014965802 0 0 0
5014965802 0 0 0
5014965802 0 0 0
5014965802 0 0 0
5014965802 0 0 0
5014965802 0 0 0
5014965802 0 0 0
5014965802 0 0 0
5014965815 0 0 0
5014965815 0 0 0
5014965815 0 0 0
5014965815 0 0 0
5014965815 0 0 0
5014965815 0 0 0
5014965815 0 0 0
5014965815 0 0 0
5014965815 0 0 0
5014965815 0 0 0
5014965815 0 0 0
5014965828 0 0 0
5014965828 0 0 0
5014965828 0 0 0
5014965828 0 0 0
5014965828 0 0 0
5014965828 0 0 0
5014965828 0 0 0
5014965828 0 0 0
5014965828 0 0 0
5014965828 0 0 0
5014965828 0 0 0
5014965841 0 0 0
5014965841 0 0 0
5014965841 0 0 0
5014965841 0 0 0
5014965841 0 0 0
5014965841 0 0 0
5014965841 0 0 0
5014965841 0 0 0
5014965841 0 0 0
5014965841 0 0 0
5014965841 0 0 0
5014965854 0 0 0
5014965854 0 0 0
5014965854 0 0 0
5014965854 0 0 0
5014965854 0 0 0
5014965854 0 0 0
5014965854 0 0 0
5014965854 0 0 0
5014965854 0 0 0
5014965854 0 0 0
5014965854 0 0 0
5014965867 0 0 0
5014965867 0 0 0
5014965867 0 0 0
5014965867 0 0 0
5014965867 0 0 0
5014965867 0 0 0
5014965867 0 0 0
5014965867 0 0 0
5014965867 0 0 0
5014965867 0 0 0
5014965867 0 0 0
5014965880 0 0 0
5014965880 0 0 0
5014965880 0 0 0
5014965880 0 0 0
5014965880 0 0 0
5014965880 0 0 0
5014965880 0 0 0
5014965880 0 0 0
5014965880 0 0 0
5014965880 0 0 0
5014965880 0 0 0
5014965893 0 0 0
5014965893 0 0 0
5014965893 0 0 0
5014965893 0 0 0
5014965893 0 0 0
5014965893 0 0 0
5014965893 0 0 0
5014965893 0 0 0
5014965893 0 0 0
5014965893 0 0 0
5014965893 0 0 0
5014965906 0 0 0
5014965906 0 0 0
5014965906 0 0 0
5014965906 0 0 0
5014965906 0 0 0
5014965906 0 0 0
5014965906 0 0 0
5014965906 0 0 0
5014965906 0 0 0
5014965906 0 0 0
5014965906 0 0 0
5014965919 0 0 0
5014965919 0 0 0
5014965919 0 0 0
5014965919 0 0 0
5014965919 0 0 0
5014965919 0 0 0
5014965919 0 0 0
5014965919 0 0 0
5014965919 0 0 0
5014965919 0 0 0
5014965919 0 0 0
5014965932 0 0 0
5014965932 0 0 0
5014965932 0 0 0
5014965932 0 0 0
5014965932 0 0 0
5014965932 0 0 0
5014965932 0 0 0
5014965932 0 0 0
5014965932 0 0 0
5014965932 0 0 0
5014965932 0 0 0
5014965945 0 0 0
5014965945 0 0 0
5014965945 0 0 0
5014965945 0 0 0
5014965945 0 0 0
5014965945 0 0 0
5014965945 0 0 0
5014965945 0 0 0
5014965945 0 0 0
5014965945 0 0 0
5014965945 0 0 0
5014965958 0 0 0
5014965958 0 0 0
5014965958 0 0 0
5014965958 0 0 0
5014965958 0 0 0
5014965958 0 0 0
5014965958 0 0 0
5014965958 0 0 0
5014965958 0 0 0
5014965958 0 0 0
5014965958 0 0 0
5014965971 0 0 0
5014965971 0 0 0
5014965971 0 0 0
5014965971 0 0 0
5014965971 0 0 0
5014965971 0 0 0
5014965971 0 0 0
5014965971 0 0 0
5014965971 0 0 0
5014965971 0 0 0
5014965971 0 0 0
5014965984 0 0 0
5014965984 0 0 0
5014965984 0 0 0
5014965984 0 0 0
5014965984 0 0 0
5014965984 0 0 0
5014965984 0 0 0
5014965984 0 0 0
5014965984 347 0 0
5014965984 0 0 0
5014965984 0 0 0
5014965997 347 0 7
5014965997 0 0 0
5014965997 347 0 0
5014965997 0 0 0
5014965997 347 0 7
5014965997 347 0 0
5014965997 347 0 7
5014965997 233 0 7
5014965997 0 0 0
5014965997 347 0 0
5014965997 0 0 0
5014966010 0 0 0
5014966010 347 0 7
5014966010 0 0 0
5014966010 347 0 0
5014966010 0 0 0
5014966010 0 0 0
5014966010 0 0 0
5014966010 114 0 0
5014966010 0 0 0
5014966010 0 0 0
5014966010 347 0 0
5014966023 0 0 0
5014966023 0 0 0
5014966023 0 0 0
5014966023 0 0 0
5014966023 0 0 0
5014966023 0 0 0
5014966023 0 0 0
5014966023 0 0 0
5014966023 0 0 0
5014966023 0 0 0
5014966023 0 0 0
5014966036 0 0 0
5014966036 0 0 0
5014966036 0 0 0
5014966036 0 0 0
5014966036 0 0 0
5014966036 0 0 0
5014966036 0 0 0
5014966036 0 0 0
5014966036 0 0 0
5014966036 0 0 0
5014966036 0 0 0
5014966049 0 0 0
5014966049 0 0 0
5014966049 0 0 0
5014966049 0 0 0
5014966049 0 0 0
5014966049 0 0 0
5014966049 0 0 0
5014966049 0 0 0
5014966049 0 0 0
5014966049 0 0 0
5014966049 0 0 0
5014966062 0 0 0
5014966062 0 0 0
5014966062 0 0 0
5014966062 0 0 0
5014966062 0 0 0
5014966062 0 0 0
5014966062 0 0 0
5014966062 0 0 0
5014966062 0 0 0
5014966062 0 0 0
5014966062 0 0 0
5014966075 0 0 0
5014966075 0 0 0
5014966075 0 0 0
5014966075 0 0 0
5014966075 0 0 0
5014966075 0 0 0
5014966075 0 0 0
5014966075 0 0 0
5014966075 0 0 0
5014966075 0 0 0
5014966075 0 0 0
5014966088 0 0 0
5014966088 0 0 0
5014966088 0 0 0
5014966088 0 0 0
5014966088 0 0 0
5014966088 0 0 0
5014966088 0 0 0
5014966088 0 0 0
5014966088 0 0 0
5014966088 0 0 0
5014966088 0 0 0
5014966101 0 0 0
5014966101 0 0 0
5014966101 0 0 0
5014966101 0 0 0
5014966101 0 0 0
5014966101 0 0 0
5014966101 0 0 0
5014966101 0 0 0
5014966101 0 0 0
5014966101 0 0 0
5014966101 0 0 0
5014966114 0 0 0
5014966114 0 0 0
5014966114 0 0 0
5014966114 0 0 0
5014966114 0 0 0
5014966114 0 0 0
5014966114 0 0 0
5014966114 0 0 0
5014966114 0 0 0
5014966114 0 0 0
5014966114 0 0 0
5014966127 0 0 0
5014966127 0 0 0
5014966127 0 0 0
5014966127 0 0 0
5014966127 0 0 0
5014966127 0 0 0
5014966127 0 0 0
5014966127 0 0 0
5014966127 0 0 0
5014966127 0 0 0
5014966127 0 0 0
5014966140 0 0 0
5014966140 0 0 0
5014966140 0 0 0
5014966140 0 0 0
5014966140 0 0 0
5014966140 0 0 0
5014966140 0 0 0
5014966140 0 0 0
5014966140 0 0 0
5014966140 0 0 0
5014966140 0 0 0
5014966153 0 0 0
5014966153 0 0 0
5014966153 0 0 0
5014966153 0 0 0
5014966153 0 0 0
5014966153 0 0 0
5014966153 0 0 0
5014966153 0 0 0
5014966153 0 0 0
5014966153 0 0 0
5014966153 0 0 0
5014966166 0 0 0
5014966166 0 0 0
5014966166 0 0 0
5014966166 0 0 0
5014966166 0 0 0
5014966166 0 0 0
5014966166 0 0 0
5014966166 0 0 0
5014966166 0 0 0
5014966166 0 0 0
5014966166 0 0 0
5014966179 0 0 0
5014966179 0 0 0
5014966179 0 0 0
5014966179 0 0 0
5014966179 0 0 0
5014966179 0 0 0
5014966179 0 0 0
5014966179 0 0 0
5014966179 0 0 0
5014966179 0 0 0
5014966179 0 0 0
5014966192 0 0 0
5014966192 0 0 0
5014966192 0 0 0
5014966192 0 0 0
5014966192 0 0 0
5014966192 0 0 0
5014966192 0 0 0
5014966192 0 0 0
5014966192 0 0 0
5014966192 0 0 0
5014966192 0 0 0
5014966205 0 0 0
5014966205 0 0 0
5014966205 0 0 0
5014966205 0 0 0
5014966205 0 0 0
5014966205 0 0 0
5014966205 0 0 0
5014966205 0 0 0
5014966205 0 0 0
5014966205 0 0 0
5014966205 0 0 0
5014966218 0 0 0
5014966218 0 0 0
5014966218 0 0 0
5014966218 0 0 0
5014966218 0 0 0
5014966218 0 0 0
5014966218 0 0 0
5014966218 0 0 0
5014966218 0 0 0
5014966218 0 0 0
5014966218 0 0 0
5014966231 0 0 0
5014966231 0 0 0
5014966231 0 0 0
5014966231 0 0 0
5014966231 0 0 0
5014966231 0 0 0
5014966231 0 0 0
5014966231 0 0 0
5014966231 0 0 0
5014966231 0 0 0
5014966231 0 0 0
5014966244 0 0 0
5014966244 0 0 0
5014966244 249 0 0
5014966244 0 0 0
5014966244 0 0 0
5014966244 0 0 0
5014966244 249 0 0
5014966244 0 0 0
5014966244 249 0 7
5014966244 249 0 7
5014966244 0 0 0
5014966257 249 0 0
5014966257 249 0 0
5014966257 0 0 0
5014966257 249 0 7
5014966257 249 0 0
5014966257 249 0 0
5014966257 0 0 0
5014966257 249 0 0
5014966257 0 0 0
5014966257 0 0 0
5014966257 249 0 7
5014966270 0 0 0
5014966270 0 0 0
5014966270 0 0 0
5014966270 0 0 0
5014966270 0 0 0
5014966270 0 0 0
5014966270 0 0 0
5014966270 0 0 0
5014966270 0 0 0
5014966270 0 0 0
5014966270 0 0 0
5014966283 0 0 0
5014966283 0 0 0
5014966283 0 0 0
5014966283 0 0 0
5014966283 0 0 0
5014966283 0 0 0
5014966283 0 0 0
5014966283 0 0 0
5014966283 0 0 0
5014966283 0 0 0
5014966283 0 0 0
5014966296 0 0 0
5014966296 0 0 0
5014966296 0 0 0
5014966296 0 0 0
5014966296 0 0 0
5014966296 0 0 0
5014966296 0 0 0
5014966296 0 0 0
5014966296 0 0 0
5014966296 0 0 0
5014966296 0 0 0
5014966309 0 0 0
5014966309 0 0 0
5014966309 0 0 0
5014966309 0 0 0
5014966309 0 0 0
5014966309 0 0 0
5014966309 0 0 0
5014966309 0 0 0
5014966309 0 0 0
5014966309 0 0 0
5014966309 0 0 0
5014966322 0 0 0
5014966322 0 0 0
5014966322 0 0 0
5014966322 0 0 0
5014966322 0 0 0
5014966322 0 0 0
5014966322 0 0 0
5014966322 0 0 0
5014966322 0 0 0
5014966322 0 0 0
5014966322 0 0 0
5014966335 0 0 0
5014966335 0 0 0
5014966335 0 0 0
5014966335 0 0 0
5014966335 0 0 0
5014966335 0 0 0
5014966335 0 0 0
5014966335 0 0 0
5014966335 0 0 0
5014966335 0 0 0
5014966335 0 0 0
5014966348 0 0 0
5014966348 0 0 0
5014966348 0 0 0
5014966348 0 0 0
5014966348 0 0 0
5014966348 0 0 0
5014966348 0 0 0
5014966348 0 0 0
5014966348 0 0 0
5014966348 0 0 0
5014966348 0 0 0
5014966361 0 0 0
5014966361 0 0 0
5014966361 0 0 0
5014966361 0 0 0
5014966361 0 0 0
5014966361 0 0 0
5014966361 0 0 0
5014966361 0 0 0
5014966361 0 0 0
5014966361 0 0 0
5014966361 0 0 0
5014966374 0 0 0
5014966374 0 0 0
5014966374 0 0 0
5014966374 0 0 0
5014966374 0 0 0
5014966374 0 0 0
5014966374 0 0 0
5014966374 0 0 0
5014966374 0 0 0
5014966374 0 0 0
5014966374 0 0 0
5014966387 0 0 0
5014966387 0 0 0
5014966387 0 0 0
5014966387 0 0 0
5014966387 0 0 0
5014966387 0 0 0
5014966387 0 0 0
5014966387 0 0 0
5014966387 0 0 0
5014966387 0 0 0
5014966387 0 0 0
5014966400 0 0 0
5014966400 0 0 0
5014966400 0 0 0
5014966400 0 0 0
5014966400 0 0 0
5014966400 0 0 0
5014966400 0 0 0
5014966400 0 0 0
5014966400 0 0 0
5014966400 0 0 0
5014966400 0 0 0
5014966413 0 0 0
5014966413 0 0 0
5014966413 0 0 0
5014966413 0 0 0
5014966413 0 0 0
5014966413 0 0 0
5014966413 0 0 0
5014966413 0 0 0
5014966413 0 0 0
5014966413 0 0 0
5014966413 0 0 0
5014966426 0 0 0
5014966426 0 0 0
5014966426 0 0 0
5014966426 0 0 0
5014966426 0 0 0
5014966426 0 0 0
5014966426 0 0 0
5014966426 0 0 0
5014966426 0 0 0
5014966426 0 0 0
5014966426 0 0 0
5014966439 0 0 0
5014966439 0 0 0
5014966439 0 0 0
5014966439 0 0 0
5014966439 0 0 0
5014966439 0 0 0
5014966439 0 0 0
5014966439 0 0 0
5014966439 0 0 0
5014966439 0 0 0
5014966439 0 0 0
5014966452 0 0 0
5014966452 0 0 0
5014966452 0 0 0
5014966452 0 0 0
5014966452 0 0 0
5014966452 0 0 0
5014966452 0 0 0
5014966452 0 0 0
5014966452 0 0 0
5014966452 0 0 0
5014966452 0 0 0
5014966465 0 0 0
5014966465 0 0 0
5014966465 0 0 0
5014966465 0 0 0
5014966465 0 0 0
5014966465 0 0 0
5014966465 0 0 0
5014966465 0 0 0
5014966465 0 0 0
5014966465 0 0 0
5014966465 0 0 0
5014966478 0 0 0
5014966478 0 0 0
5014966478 0 0 0
5014966478 0 0 0
5014966478 0 0 0
5014966478 0 0 0
5014966478 0 0 0
5014966478 0 0 0
5014966478 0 0 0
5014966478 0 0 0
5014966478 0 0 0
5014966491 0 0 0
5014966491 0 0 0
5014966491 237 0 7
5014966491 0 0 0
5014966491 0 0 0
5014966491 0 0 0
5014966491 237 0 0
5014966491 0 0 0
5014966491 237 0 0
5014966491 0 0 0
5014966491 0 0 0
5014966504 237 0 0
5014966504 237 0 7
5014966504 0 0 0
5014966504 237 0 0
5014966504 237 0 0
5014966504 237 0 0
5014966504 0 0 0
5014966504 237 0 0
5014966504 0 0 0
5014966504 237 0 0
5014966504 237 0 0
5014966517 0 0 0
5014966517 0 0 0
5014966517 0 0 0
5014966517 0 0 0
5014966517 0 0 0
5014966517 0 0 0
5014966517 0 0 0
5014966517 0 0 0
5014966517 0 0 0
5014966517 0 0 0
5014966517 0 0 0
5014966530 0 0 0
5014966530 0 0 0
5014966530 0 0 0
5014966530 0 0 0
5014966530 0 0 0
5014966530 0 0 0
5014966530 0 0 0
5014966530 0 0 0
5014966530 0 0 0
5014966530 0 0 0
5014966530 0 0 0
5014966543 0 0 0
5014966543 0 0 0
5014966543 0 0 0
5014966543 0 0 0
5014966543 0 0 0
5014966543 0 0 0
5014966543 0 0 0
5014966543 0 0 0
5014966543 0 0 0
5014966543 0 0 0
5014966543 0 0 0
5014966556 0 0 0
5014966556 0 0 0
5014966556 0 0 0
5014966556 0 0 0
5014966556 0 0 0
5014966556 0 0 0
5014966556 0 0 0
5014966556 0 0 0
5014966556 0 0 0
5014966556 0 0 0
5014966556 0 0 0
5014966569 0 0 0
5014966569 0 0 0
5014966569 0 0 0
5014966569 0 0 0
5014966569 0 0 0
5014966569 0 0 0
5014966569 0 0 0
5014966569 0 0 0
5014966569 0 0 0
5014966569 0 0 0
5014966569 0 0 0
5014966582 0 0 0
5014966582 0 0 0
5014966582 0 0 0
5014966582 0 0 0
5014966582 0 0 0
5014966582 0 0 0
5014966582 0 0 0
5014966582 0 0 0
5014966582 0 0 0
5014966582 0 0 0
5014966582 0 0 0
5014966595 0 0 0
5014966595 0 0 0
5014966595 0 0 0
5014966595 0 0 0
5014966595 0 0 0
5014966595 0 0 0
5014966595 0 0 0
5014966595 0 0 0
5014966595 0 0 0
5014966595 0 0 0
5014966595 0 0 0
5014966608 0 0 0
5014966608 0 0 0
5014966608 0 0 0
5014966608 0 0 0
5014966608 0 0 0
5014966608 0 0 0
5014966608 0 0 0
5014966608 0 0 0
5014966608 0 0 0
5014966608 0 0 0
5014966608 0 0 0
5014966621 0 0 0
5014966621 0 0 0
5014966621 0 0 0
5014966621 0 0 0
5014966621 0 0 0
5014966621 0 0 0
5014966621 0 0 0
5014966621 0 0 0
5014966621 0 0 0
5014966621 0 0 0
5014966621 0 0 0
5014966634 0 0 0
5014966634 0 0 0
5014966634 0 0 0
5014966634 0 0 0
5014966634 0 0 0
5014966634 0 0 0
5014966634 0 0 0
5014966634 0 0 0
5014966634 0 0 0
5014966634 0 0 0
5014966634 0 0 0
5014966647 0 0 0
5014966647 0 0 0
5014966647 0 0 0
5014966647 0 0 0
5014966647 0 0 0
5014966647 0 0 0
5014966647 0 0 0
5014966647 0 0 0
5014966647 0 0 0
5014966647 0 0 0
5014966647 0 0 0
5014966660 0 0 0
5014966660 0 0 0
5014966660 0 0 0
5014966660 0 0 0
5014966660 0 0 0
5014966660 0 0 0
5014966660 0 0 0
5014966660 0 0 0
5014966660 0 0 0
5014966660 0 0 0
5014966660 0 0 0
5014966673 0 0 0
5014966673 0 0 0
5014966673 0 0 0
5014966673 0 0 0
5014966673 0 0 0
5014966673 0 0 0
5014966673 0 0 0
5014966673 0 0 0
5014966673 0 0 0
5014966673 0 0 0
5014966673 0 0 0
5014966686 0 0 0
5014966686 0 0 0
5014966686 0 0 0
5014966686 0 0 0
5014966686 0 0 0
5014966686 0 0 0
5014966686 0 0 0
5014966686 0 0 0
5014966686 0 0 0
5014966686 0 0 0
5014966686 0 0 0
5014966699 0 0 0
5014966699 0 0 0
5014966699 0 0 0
5014966699 0 0 0
5014966699 0 0 0
5014966699 0 0 0
5014966699 0 0 0
5014966699 0 0 0
5014966699 0 0 0
5014966699 0 0 0
5014966699 0 0 0
5014966712 0 0 0
5014966712 0 0 0
5014966712 0 0 0
5014966712 0 0 0
5014966712 0 0 0
5014966712 0 0 0
5014966712 0 0 0
5014966712 0 0 0
5014966712 0 0 0
5014966712 0 0 0
5014966712 0 0 0
5014966725 0 0 0
5014966725 0 0 0
5014966725 0 0 0
5014966725 0 0 0
5014966725 0 0 0
5014966725 0 0 0
5014966725 0 0 0
5014966725 0 0 0
5014966725 0 0 0
5014966725 0 0 0
5014966725 0 0 0
5014966738 0 0 0
5014966738 0 0 0
5014966738 0 0 0
5014966738 0 0 0
5014966738 0 0 0
5014966738 0 0 0
5014966738 0 0 0
5014966738 0 0 0
5014966738 0 0 0
5014966738 0 0 0
5014966752 1 0 35
5014966752 0 0 7
5014966752 0 0 0
5014966752 0 0 35
5014966752 0 0 0
read 4261 profiled data
