5017247151 10278 0 0
5017247164 0 0 0
5017247177 0 0 0
5017247190 0 0 0
5017247203 0 0 0
5017247216 0 0 0
5017247229 0 0 0
5017247242 0 0 0
5017247255 0 0 0
5017247268 0 0 0
5017247281 0 0 0
5017247294 0 0 0
5017247307 0 0 0
5017247320 0 0 0
5017247333 0 0 0
5017247346 0 0 0
5017247359 0 0 0
5017247372 0 0 0
5017247385 0 0 0
5017247398 6945 0 30
5017247411 1937 0 7
5017247424 0 0 0
5017247437 0 0 0
5017247450 0 0 0
5017247463 0 0 0
5017247476 0 0 0
5017247489 0 0 0
5017247502 0 0 0
5017247515 0 0 0
5017247528 0 0 0
5017247541 0 0 0
5017247554 0 0 0
5017247567 0 0 0
5017247580 0 0 0
5017247593 0 0 0
5017247606 0 0 0
5017247619 0 0 0
5017247632 0 0 0
5017247645 0 0 0
5017247658 8242 0 30
5017247671 0 0 0
5017247684 0 0 0
5017247697 0 0 0
5017247710 0 0 0
5017247723 0 0 0
5017247736 0 0 0
5017247749 0 0 0
5017247762 0 0 0
5017247775 0 0 0
5017247788 0 0 0
5017247801 0 0 0
5017247814 0 0 0
5017247827 0 0 0
5017247840 0 0 0
5017247853 0 0 0
5017247866 0 0 0
5017247879 0 0 0
5017247892 0 0 0
5017247905 2570 0 15
5017247918 5088 0 23
5017247931 0 0 0
5017247944 0 0 0
5017247957 0 0 0
5017247970 0 0 0
5017247983 0 0 0
5017247996 0 0 0
5017248009 0 0 0
5017248022 0 0 0
5017248035 0 0 0
5017248048 0 0 0
5017248061 0 0 0
5017248074 0 0 0
5017248087 0 0 0
5017248100 0 0 0
5017248113 0 0 0
5017248126 0 0 0
5017248139 0 0 0
5017248152 0 0 0
5017248165 7158 0 30
5017248178 0 0 0
5017248191 0 0 0
5017248204 0 0 0
5017248217 0 0 0
5017248230 0 0 0
5017248243 0 0 0
5017248256 0 0 0
5017248269 0 0 0
5017248282 0 0 0
5017248295 0 0 0
5017248308 0 0 0
5017248321 0 0 0
5017248334 0 0 0
5017248347 0 0 0
5017248360 0 0 0
5017248373 0 0 0
5017248386 0 0 0
5017248399 0 0 0
5017248412 0 0 0
5017248425 6517 0 23
5017248438 0 0 0
5017248451 0 0 0
5017248464 0 0 0
5017248477 0 0 0
5017248490 0 0 0
5017248503 0 0 0
5017248516 0 0 0
5017248529 0 0 0
5017248542 0 0 0
5017248555 0 0 0
5017248568 0 0 0
5017248581 0 0 0
5017248594 0 0 0
5017248607 0 0 0
5017248620 0 0 0
5017248633 0 0 0
5017248646 0 0 0
5017248659 0 0 0
5017248672 6054 0 30
5017248685 0 0 0
5017248698 0 0 0
5017248711 0 0 0
5017248724 0 0 0
5017248737 0 0 0
5017248750 0 0 0
5017248763 0 0 0
5017248776 0 0 0
5017248789 0 0 0
5017248802 0 0 0
5017248815 0 0 0
5017248828 0 0 0
5017248841 0 0 0
5017248854 0 0 0
5017248867 0 0 0
5017248880 0 0 0
5017248893 0 0 0
5017248906 0 0 0
5017248919 0 0 0
5017248932 5570 0 23
5017248945 0 0 0
5017248958 0 0 0
5017248971 0 0 0
5017248984 0 0 0
5017248997 0 0 0
5017249010 0 0 0
5017249023 0 0 0
5017249036 0 0 0
5017249049 0 0 0
5017249062 0 0 0
5017249075 0 0 0
5017249088 0 0 0
5017249101 0 0 0
5017249114 0 0 0
5017249127 0 0 0
5017249140 0 0 0
5017249153 0 0 0
5017249166 0 0 0
5017249179 5169 0 15
5017249192 0 0 0
5017249205 0 0 0
5017249218 0 0 0
5017249231 0 0 0
5017249244 0 0 0
5017249257 0 0 0
5017249270 0 0 0
5017249283 0 0 0
5017249296 0 0 0
5017249309 0 0 0
5017249322 0 0 0
5017249335 0 0 0
5017249348 0 0 0
5017249361 0 0 0
5017249374 0 0 0
5017249387 0 0 0
5017249400 0 0 0
5017249413 0 0 0
5017249426 2421 0 15
5017249439 2435 0 7
5017249452 0 0 0
5017249465 0 0 0
5017249478 0 0 0
5017249491 0 0 0
5017249504 0 0 0
5017249517 0 0 0
5017249530 0 0 0
5017249543 0 0 0
5017249556 0 0 0
5017249569 0 0 0
5017249582 0 0 0
5017249595 0 0 0
5017249608 0 0 0
5017249621 0 0 0
5017249634 0 0 0
5017249647 0 0 0
5017249660 0 0 0
5017249673 0 0 0
5017249686 4449 0 15
5017249699 0 0 0
5017249712 0 0 0
5017249725 0 0 0
5017249738 0 0 0
5017249751 0 0 0
5017249764 0 0 0
5017249777 0 0 0
5017249790 0 0 0
5017249803 0 0 0
5017249816 0 0 0
5017249829 0 0 0
5017249842 0 0 0
5017249855 0 0 0
5017249868 0 0 0
5017249881 0 0 0
5017249894 0 0 0
5017249907 0 0 0
5017249920 0 0 0
5017249933 4170 0 23
5017249946 0 0 0
5017249959 0 0 0
5017249972 0 0 0
5017249985 0 0 0
5017249998 0 0 0
5017250011 0 0 0
5017250024 0 0 0
5017250037 0 0 0
5017250050 0 0 0
5017250063 0 0 0
5017250076 0 0 0
5017250089 0 0 0
5017250102 0 0 0
5017250115 0 0 0
5017250128 0 0 0
5017250141 0 0 0
5017250154 0 0 0
5017250167 0 0 0
5017250180 0 0 0
5017250193 3798 0 15
5017250206 0 0 0
5017250219 0 0 0
5017250232 0 0 0
5017250245 0 0 0
5017250258 0 0 0
5017250271 0 0 0
5017250284 0 0 0
5017250297 0 0 0
5017250310 0 0 0
5017250323 0 0 0
5017250336 0 0 0
5017250349 0 0 0
5017250362 0 0 0
5017250375 0 0 0
5017250388 0 0 0
5017250401 0 0 0
5017250414 0 0 0
5017250427 0 0 0
5017250440 3582 0 15
5017250453 0 0 0
5017250466 0 0 0
5017250479 0 0 0
5017250492 0 0 0
5017250505 0 0 0
5017250518 0 0 0
5017250531 0 0 0
5017250544 0 0 0
5017250557 0 0 0
5017250570 0 0 0
5017250583 0 0 0
5017250596 0 0 0
5017250609 0 0 0
5017250622 0 0 0
5017250635 0 0 0
5017250648 0 0 0
5017250661 0 0 0
5017250674 0 0 0
5017250687 1579 0 7
5017250700 1667 0 0
5017250713 0 0 0
5017250726 0 0 0
5017250739 0 0 0
5017250752 0 0 0
5017250765 0 0 0
5017250778 0 0 0
5017250791 0 0 0
5017250804 0 0 0
5017250817 0 0 0
5017250830 0 0 0
5017250843 0 0 0
5017250856 0 0 0
5017250869 0 0 0
5017250882 0 0 0
5017250895 0 0 0
5017250908 0 0 0
5017250921 0 0 0
5017250934 0 0 0
5017250947 3121 0 15
5017250960 0 0 0
5017250973 0 0 0
5017250986 0 0 0
5017250999 0 0 0
5017251012 0 0 0
5017251025 0 0 0
5017251038 0 0 0
5017251051 0 0 0
5017251064 0 0 0
5017251077 0 0 0
5017251090 0 0 0
5017251103 0 0 0
5017251116 0 0 0
5017251129 0 0 0
5017251142 0 0 0
5017251155 0 0 0
5017251168 0 0 0
5017251181 0 0 0
5017251194 2855 0 15
5017251207 0 0 0
5017251220 0 0 0
5017251233 0 0 0
5017251246 0 0 0
5017251259 0 0 0
5017251272 0 0 0
5017251285 0 0 0
5017251298 0 0 0
5017251311 0 0 0
5017251324 0 0 0
5017251337 0 0 0
5017251350 0 0 0
5017251363 0 0 0
5017251376 0 0 0
5017251389 0 0 0
5017251402 0 0 0
5017251415 0 0 0
5017251428 0 0 0
5017251441 0 0 0
5017251454 2601 0 7
5017251467 0 0 0
5017251480 0 0 0
5017251493 0 0 0
5017251506 0 0 0
5017251519 0 0 0
5017251532 0 0 0
5017251545 0 0 0
5017251558 0 0 0
5017251571 0 0 0
5017251584 0 0 0
5017251597 0 0 0
5017251610 0 0 0
5017251623 0 0 0
5017251636 0 0 0
5017251649 0 0 0
5017251662 0 0 0
5017251675 0 0 0
5017251688 0 0 0
5017251701 2388 0 15
5017251714 0 0 0
5017251727 0 0 0
5017251740 0 0 0
5017251753 0 0 0
5017251766 0 0 0
5017251779 0 0 0
5017251792 0 0 0
5017251805 0 0 0
5017251818 0 0 0
5017251831 0 0 0
5017251844 0 0 0
5017251857 0 0 0
5017251870 0 0 0
5017251883 0 0 0
5017251896 0 0 0
5017251909 0 0 0
5017251922 0 0 0
5017251935 0 0 0
5017251948 2260 0 7
5017251961 0 0 0
5017251974 0 0 0
5017251987 0 0 0
5017252000 0 0 0
5017252013 0 0 0
5017252026 0 0 0
5017252039 0 0 0
5017252052 0 0 0
5017252065 0 0 0
5017252078 0 0 0
5017252091 0 0 0
5017252104 0 0 0
5017252117 0 0 0
5017252130 0 0 0
5017252143 0 0 0
5017252156 0 0 0
5017252169 0 0 0
5017252182 0 0 0
5017252195 0 0 0
read 389 profiled data
