5017358655 10278 1 0
5017358655 10282 0 0
5017358655 10278 1 0
5017358655 10283 0 0
5017358655 10283 0 0
5017358655 10280 0 0
5017358655 10279 0 0
5017358655 10279 0 0
5017358655 10278 0 0
5017358655 10280 0 0
5017358668 0 0 0
5017358668 0 0 0
5017358668 0 0 0
5017358668 0 0 0
5017358668 0 0 0
5017358668 0 0 0
5017358668 0 0 0
5017358668 0 0 0
5017358668 0 0 0
5017358668 0 0 0
5017358681 0 0 0
5017358681 0 0 0
5017358681 0 0 0
5017358681 0 0 0
5017358681 0 0 0
5017358681 0 0 0
5017358681 0 0 0
5017358681 0 0 0
5017358681 0 0 0
5017358681 0 0 0
5017358694 0 0 0
5017358694 0 0 0
5017358694 0 0 0
5017358694 0 0 0
5017358694 0 0 0
5017358694 0 0 0
5017358694 0 0 0
5017358694 0 0 0
5017358694 0 0 0
5017358694 0 0 0
5017358707 0 0 0
5017358707 0 0 0
5017358707 0 0 0
5017358707 0 0 0
5017358707 0 0 0
5017358707 0 0 0
5017358707 0 0 0
5017358707 0 0 0
5017358707 0 0 0
5017358707 0 0 0
5017358720 0 0 0
5017358720 0 0 0
5017358720 0 0 0
5017358720 0 0 0
5017358720 0 0 0
5017358720 0 0 0
5017358720 0 0 0
5017358720 0 0 0
5017358720 0 0 0
5017358720 0 0 0
5017358733 0 0 0
5017358733 0 0 0
5017358733 0 0 0
5017358733 0 0 0
5017358733 0 0 0
5017358733 0 0 0
5017358733 0 0 0
5017358733 0 0 0
5017358733 0 0 0
5017358733 0 0 0
5017358746 0 0 0
5017358746 0 0 0
5017358746 0 0 0
5017358746 0 0 0
5017358746 0 0 0
5017358746 0 0 0
5017358746 0 0 0
5017358746 0 0 0
5017358746 0 0 0
5017358746 0 0 0
5017358759 0 0 0
5017358759 0 0 0
5017358759 0 0 0
5017358759 0 0 0
5017358759 0 0 0
5017358759 0 0 0
5017358759 0 0 0
5017358759 0 0 0
5017358759 0 0 0
5017358759 0 0 0
5017358772 0 0 0
5017358772 0 0 0
5017358772 0 0 0
5017358772 0 0 0
5017358772 0 0 0
5017358772 0 0 0
5017358772 0 0 0
5017358772 0 0 0
5017358772 0 0 0
5017358772 0 0 0
5017358785 0 0 0
5017358785 0 0 0
5017358785 0 0 0
5017358785 0 0 0
5017358785 0 0 0
5017358785 0 0 0
5017358785 0 0 0
5017358785 0 0 0
5017358785 0 0 0
5017358785 0 0 0
5017358798 0 0 0
5017358798 0 0 0
5017358798 0 0 0
5017358798 0 0 0
5017358798 0 0 0
5017358798 0 0 0
5017358798 0 0 0
5017358798 0 0 0
5017358798 0 0 0
5017358798 0 0 0
5017358811 0 0 0
5017358811 0 0 0
5017358811 0 0 0
5017358811 0 0 0
5017358811 0 0 0
5017358811 0 0 0
5017358811 0 0 0
5017358811 0 0 0
5017358811 0 0 0
5017358811 0 0 0
5017358824 0 0 0
5017358824 0 0 0
5017358824 0 0 0
5017358824 0 0 0
5017358824 0 0 0
5017358824 0 0 0
5017358824 0 0 0
5017358824 0 0 0
5017358824 0 0 0
5017358824 0 0 0
5017358837 0 0 0
5017358837 0 0 0
5017358837 0 0 0
5017358837 0 0 0
5017358837 0 0 0
5017358837 0 0 0
5017358837 0 0 0
5017358837 0 0 0
5017358837 0 0 0
5017358837 0 0 0
5017358850 0 0 0
5017358850 0 0 0
5017358850 0 0 0
5017358850 0 0 0
5017358850 0 0 0
5017358850 0 0 0
5017358850 0 0 0
5017358850 0 0 0
5017358850 0 0 0
5017358850 0 0 0
5017358863 0 0 0
5017358863 0 0 0
5017358863 0 0 0
5017358863 0 0 0
5017358863 0 0 0
5017358863 0 0 0
5017358863 0 0 0
5017358863 0 0 0
5017358863 0 0 0
5017358863 0 0 0
5017358876 0 0 0
5017358876 0 0 0
5017358876 0 0 0
5017358876 0 0 0
5017358876 0 0 0
5017358876 0 0 0
5017358876 0 0 0
5017358876 0 0 0
5017358876 0 0 0
5017358876 0 0 0
5017358889 0 0 0
5017358889 0 0 0
5017358889 0 0 0
5017358889 0 0 0
5017358889 0 0 0
5017358889 0 0 0
5017358889 0 0 0
5017358889 0 0 0
5017358889 0 0 0
5017358889 0 0 0
5017358902 0 0 0
5017358902 1647 0 7
5017358902 0 0 0
5017358902 0 0 0
5017358902 0 0 0
5017358902 0 0 0
5017358902 0 0 0
5017358902 2090 0 7
5017358902 0 0 0
5017358902 0 0 0
5017358915 8882 0 30
5017358915 7235 0 23
5017358915 8882 0 15
5017358915 8882 0 30
5017358915 8882 0 23
5017358915 8882 0 23
5017358915 8882 0 30
5017358915 6792 0 23
5017358915 8882 0 30
5017358915 8882 0 38
5017358928 0 0 0
5017358928 0 0 0
5017358928 0 0 0
5017358928 0 0 0
5017358928 0 0 0
5017358928 0 0 0
5017358928 0 0 0
5017358928 0 0 0
5017358928 0 0 0
5017358928 0 0 0
5017358941 0 0 0
5017358941 0 0 0
5017358941 0 0 0
5017358941 0 0 0
5017358941 0 0 0
5017358941 0 0 0
5017358941 0 0 0
5017358941 0 0 0
5017358941 0 0 0
5017358941 0 0 0
5017358954 0 0 0
5017358954 0 0 0
5017358954 0 0 0
5017358954 0 0 0
5017358954 0 0 0
5017358954 0 0 0
5017358954 0 0 0
5017358954 0 0 0
5017358954 0 0 0
5017358954 0 0 0
5017358967 0 0 0
5017358967 0 0 0
5017358967 0 0 0
5017358967 0 0 0
5017358967 0 0 0
5017358967 0 0 0
5017358967 0 0 0
5017358967 0 0 0
5017358967 0 0 0
5017358967 0 0 0
5017358980 0 0 0
5017358980 0 0 0
5017358980 0 0 0
5017358980 0 0 0
5017358980 0 0 0
5017358980 0 0 0
5017358980 0 0 0
5017358980 0 0 0
5017358980 0 0 0
5017358980 0 0 0
5017358993 0 0 0
5017358993 0 0 0
5017358993 0 0 0
5017358993 0 0 0
5017358993 0 0 0
5017358993 0 0 0
5017358993 0 0 0
5017358993 0 0 0
5017358993 0 0 0
5017358993 0 0 0
5017359006 0 0 0
5017359006 0 0 0
5017359006 0 0 0
5017359006 0 0 0
5017359006 0 0 0
5017359006 0 0 0
5017359006 0 0 0
5017359006 0 0 0
5017359006 0 0 0
5017359006 0 0 0
5017359019 0 0 0
5017359019 0 0 0
5017359019 0 0 0
5017359019 0 0 0
5017359019 0 0 0
5017359019 0 0 0
5017359019 0 0 0
5017359019 0 0 0
5017359019 0 0 0
5017359019 0 0 0
5017359032 0 0 0
5017359032 0 0 0
5017359032 0 0 0
5017359032 0 0 0
5017359032 0 0 0
5017359032 0 0 0
5017359032 0 0 0
5017359032 0 0 0
5017359032 0 0 0
5017359032 0 0 0
5017359045 0 0 0
5017359045 0 0 0
5017359045 0 0 0
5017359045 0 0 0
5017359045 0 0 0
5017359045 0 0 0
5017359045 0 0 0
5017359045 0 0 0
5017359045 0 0 0
5017359045 0 0 0
5017359058 0 0 0
5017359058 0 0 0
5017359058 0 0 0
5017359058 0 0 0
5017359058 0 0 0
5017359058 0 0 0
5017359058 0 0 0
5017359058 0 0 0
5017359058 0 0 0
5017359058 0 0 0
5017359071 0 0 0
5017359071 0 0 0
5017359071 0 0 0
5017359071 0 0 0
5017359071 0 0 0
5017359071 0 0 0
5017359071 0 0 0
5017359071 0 0 0
5017359071 0 0 0
5017359071 0 0 0
5017359084 0 0 0
5017359084 0 0 0
5017359084 0 0 0
5017359084 0 0 0
5017359084 0 0 0
5017359084 0 0 0
5017359084 0 0 0
5017359084 0 0 0
5017359084 0 0 0
5017359084 0 0 0
5017359097 0 0 0
5017359097 0 0 0
5017359097 0 0 0
5017359097 0 0 0
5017359097 0 0 0
5017359097 0 0 0
5017359097 0 0 0
5017359097 0 0 0
5017359097 0 0 0
5017359097 0 0 0
5017359110 0 0 0
5017359110 0 0 0
5017359110 0 0 0
5017359110 0 0 0
5017359110 0 0 0
5017359110 0 0 0
5017359110 0 0 0
5017359110 0 0 0
5017359110 0 0 0
5017359110 0 0 0
5017359123 0 0 0
5017359123 0 0 0
5017359123 0 0 0
5017359123 0 0 0
5017359123 0 0 0
5017359123 0 0 0
5017359123 0 0 0
5017359123 0 0 0
5017359123 0 0 0
5017359123 0 0 0
5017359136 0 0 0
5017359136 0 0 0
5017359136 0 0 0
5017359136 0 0 0
5017359136 0 0 0
5017359136 0 0 0
5017359136 0 0 0
5017359136 0 0 0
5017359136 0 0 0
5017359136 0 0 0
5017359149 0 0 0
5017359149 0 0 0
5017359149 0 0 0
5017359149 0 0 0
5017359149 0 0 0
5017359149 0 0 0
5017359149 0 0 0
5017359149 0 0 0
5017359149 0 0 0
5017359149 0 0 0
5017359162 0 0 0
5017359162 0 0 0
5017359162 4834 0 15
5017359162 0 0 0
5017359162 0 0 0
5017359162 438 0 7
5017359162 5913 0 23
5017359162 2572 0 7
5017359162 0 0 0
5017359162 2474 0 7
5017359175 8242 0 30
5017359175 8242 0 38
5017359175 3408 0 15
5017359175 8242 0 30
5017359175 8242 0 30
5017359175 7804 0 30
5017359175 2329 0 0
5017359175 5670 0 15
5017359175 8242 0 30
5017359175 5768 0 15
5017359188 0 0 0
5017359188 0 0 0
5017359188 0 0 0
5017359188 0 0 0
5017359188 0 0 0
5017359188 0 0 0
5017359188 0 0 0
5017359188 0 0 0
5017359188 0 0 0
5017359188 0 0 0
5017359201 0 0 0
5017359201 0 0 0
5017359201 0 0 0
5017359201 0 0 0
5017359201 0 0 0
5017359201 0 0 0
5017359201 0 0 0
5017359201 0 0 0
5017359201 0 0 0
5017359201 0 0 0
5017359214 0 0 0
5017359214 0 0 0
5017359214 0 0 0
5017359214 0 0 0
5017359214 0 0 0
5017359214 0 0 0
5017359214 0 0 0
5017359214 0 0 0
5017359214 0 0 0
5017359214 0 0 0
5017359227 0 0 0
5017359227 0 0 0
5017359227 0 0 0
5017359227 0 0 0
5017359227 0 0 0
5017359227 0 0 0
5017359227 0 0 0
5017359227 0 0 0
5017359227 0 0 0
5017359227 0 0 0
5017359240 0 0 0
5017359240 0 0 0
5017359240 0 0 0
5017359240 0 0 0
5017359240 0 0 0
5017359240 0 0 0
5017359240 0 0 0
5017359240 0 0 0
5017359240 0 0 0
5017359240 0 0 0
5017359253 0 0 0
5017359253 0 0 0
5017359253 0 0 0
5017359253 0 0 0
5017359253 0 0 0
5017359253 0 0 0
5017359253 0 0 0
5017359253 0 0 0
5017359253 0 0 0
5017359253 0 0 0
5017359266 0 0 0
5017359266 0 0 0
5017359266 0 0 0
5017359266 0 0 0
5017359266 0 0 0
5017359266 0 0 0
5017359266 0 0 0
5017359266 0 0 0
5017359266 0 0 0
5017359266 0 0 0
5017359279 0 0 0
5017359279 0 0 0
5017359279 0 0 0
5017359279 0 0 0
5017359279 0 0 0
5017359279 0 0 0
5017359279 0 0 0
5017359279 0 0 0
5017359279 0 0 0
5017359279 0 0 0
5017359292 0 0 0
5017359292 0 0 0
5017359292 0 0 0
5017359292 0 0 0
5017359292 0 0 0
5017359292 0 0 0
5017359292 0 0 0
5017359292 0 0 0
5017359292 0 0 0
5017359292 0 0 0
5017359305 0 0 0
5017359305 0 0 0
5017359305 0 0 0
5017359305 0 0 0
5017359305 0 0 0
5017359305 0 0 0
5017359305 0 0 0
5017359305 0 0 0
5017359305 0 0 0
5017359305 0 0 0
5017359318 0 0 0
5017359318 0 0 0
5017359318 0 0 0
5017359318 0 0 0
5017359318 0 0 0
5017359318 0 0 0
5017359318 0 0 0
5017359318 0 0 0
5017359318 0 0 0
5017359318 0 0 0
5017359331 0 0 0
5017359331 0 0 0
5017359331 0 0 0
5017359331 0 0 0
5017359331 0 0 0
5017359331 0 0 0
5017359331 0 0 0
5017359331 0 0 0
5017359331 0 0 0
5017359331 0 0 0
5017359344 0 0 0
5017359344 0 0 0
5017359344 0 0 0
5017359344 0 0 0
5017359344 0 0 0
5017359344 0 0 0
5017359344 0 0 0
5017359344 0 0 0
5017359344 0 0 0
5017359344 0 0 0
5017359357 0 0 0
5017359357 0 0 0
5017359357 0 0 0
5017359357 0 0 0
5017359357 0 0 0
5017359357 0 0 0
5017359357 0 0 0
5017359357 0 0 0
5017359357 0 0 0
5017359357 0 0 0
5017359370 0 0 0
5017359370 0 0 0
5017359370 0 0 0
5017359370 0 0 0
5017359370 0 0 0
5017359370 0 0 0
5017359370 0 0 0
5017359370 0 0 0
5017359370 0 0 0
5017359370 0 0 0
5017359383 0 0 0
5017359383 0 0 0
5017359383 0 0 0
5017359383 0 0 0
5017359383 0 0 0
5017359383 0 0 0
5017359383 0 0 0
5017359383 0 0 0
5017359383 0 0 0
5017359383 0 0 0
5017359396 0 0 0
5017359396 0 0 0
5017359396 0 0 0
5017359396 0 0 0
5017359396 0 0 0
5017359396 0 0 0
5017359396 0 0 0
5017359396 0 0 0
5017359396 0 0 0
5017359396 0 0 0
5017359409 0 0 0
5017359409 0 0 0
5017359409 0 0 0
5017359409 0 0 0
5017359409 0 0 0
5017359409 0 0 0
5017359409 0 0 0
5017359409 0 0 0
5017359409 0 0 0
5017359409 0 0 0
5017359422 104 0 0
5017359422 0 0 0
5017359422 2613 0 7
5017359422 4611 0 15
5017359422 3165 0 15
5017359422 2231 0 7
5017359422 7658 0 23
5017359422 7658 0 30
5017359422 4293 0 15
5017359422 7658 0 23
5017359435 7554 0 23
5017359435 7658 0 23
5017359435 7658 0 15
5017359435 3047 0 7
5017359435 4493 0 15
5017359435 5427 0 15
5017359435 0 0 0
5017359435 0 0 0
5017359435 3365 0 7
5017359435 0 0 0
5017359448 0 0 0
5017359448 0 0 0
5017359448 0 0 0
5017359448 0 0 0
5017359448 0 0 0
5017359448 0 0 0
5017359448 0 0 0
5017359448 0 0 0
5017359448 0 0 0
5017359448 0 0 0
5017359461 0 0 0
5017359461 0 0 0
5017359461 0 0 0
5017359461 0 0 0
5017359461 0 0 0
5017359461 0 0 0
5017359461 0 0 0
5017359461 0 0 0
5017359461 0 0 0
5017359461 0 0 0
5017359474 0 0 0
5017359474 0 0 0
5017359474 0 0 0
5017359474 0 0 0
5017359474 0 0 0
5017359474 0 0 0
5017359474 0 0 0
5017359474 0 0 0
5017359474 0 0 0
5017359474 0 0 0
5017359487 0 0 0
5017359487 0 0 0
5017359487 0 0 0
5017359487 0 0 0
5017359487 0 0 0
5017359487 0 0 0
5017359487 0 0 0
5017359487 0 0 0
5017359487 0 0 0
5017359487 0 0 0
5017359500 0 0 0
5017359500 0 0 0
5017359500 0 0 0
5017359500 0 0 0
5017359500 0 0 0
5017359500 0 0 0
5017359500 0 0 0
5017359500 0 0 0
5017359500 0 0 0
5017359500 0 0 0
5017359513 0 0 0
5017359513 0 0 0
5017359513 0 0 0
5017359513 0 0 0
5017359513 0 0 0
5017359513 0 0 0
5017359513 0 0 0
5017359513 0 0 0
5017359513 0 0 0
5017359513 0 0 0
5017359526 0 0 0
5017359526 0 0 0
5017359526 0 0 0
5017359526 0 0 0
5017359526 0 0 0
5017359526 0 0 0
5017359526 0 0 0
5017359526 0 0 0
5017359526 0 0 0
5017359526 0 0 0
5017359539 0 0 0
5017359539 0 0 0
5017359539 0 0 0
5017359539 0 0 0
5017359539 0 0 0
5017359539 0 0 0
5017359539 0 0 0
5017359539 0 0 0
5017359539 0 0 0
5017359539 0 0 0
5017359552 0 0 0
5017359552 0 0 0
5017359552 0 0 0
5017359552 0 0 0
5017359552 0 0 0
5017359552 0 0 0
5017359552 0 0 0
5017359552 0 0 0
5017359552 0 0 0
5017359552 0 0 0
5017359565 0 0 0
5017359565 0 0 0
5017359565 0 0 0
5017359565 0 0 0
5017359565 0 0 0
5017359565 0 0 0
5017359565 0 0 0
5017359565 0 0 0
5017359565 0 0 0
5017359565 0 0 0
5017359578 0 0 0
5017359578 0 0 0
5017359578 0 0 0
5017359578 0 0 0
5017359578 0 0 0
5017359578 0 0 0
5017359578 0 0 0
5017359578 0 0 0
5017359578 0 0 0
5017359578 0 0 0
5017359591 0 0 0
5017359591 0 0 0
5017359591 0 0 0
5017359591 0 0 0
5017359591 0 0 0
5017359591 0 0 0
5017359591 0 0 0
5017359591 0 0 0
5017359591 0 0 0
5017359591 0 0 0
5017359604 0 0 0
5017359604 0 0 0
5017359604 0 0 0
5017359604 0 0 0
5017359604 0 0 0
5017359604 0 0 0
5017359604 0 0 0
5017359604 0 0 0
5017359604 0 0 0
5017359604 0 0 0
5017359617 0 0 0
5017359617 0 0 0
5017359617 0 0 0
5017359617 0 0 0
5017359617 0 0 0
5017359617 0 0 0
5017359617 0 0 0
5017359617 0 0 0
5017359617 0 0 0
5017359617 0 0 0
5017359630 0 0 0
5017359630 0 0 0
5017359630 0 0 0
5017359630 0 0 0
5017359630 0 0 0
5017359630 0 0 0
5017359630 0 0 0
5017359630 0 0 0
5017359630 0 0 0
5017359630 0 0 0
5017359643 0 0 0
5017359643 0 0 0
5017359643 0 0 0
5017359643 0 0 0
5017359643 0 0 0
5017359643 0 0 0
5017359643 0 0 0
5017359643 0 0 0
5017359643 0 0 0
5017359643 0 0 0
5017359656 0 0 0
5017359656 0 0 0
5017359656 0 0 0
5017359656 0 0 0
5017359656 0 0 0
5017359656 0 0 0
5017359656 0 0 0
5017359656 0 0 0
5017359656 0 0 0
5017359656 0 0 0
5017359669 0 0 0
5017359669 0 0 0
5017359669 0 0 0
5017359669 0 0 0
5017359669 0 0 0
5017359669 0 0 0
5017359669 0 0 0
5017359669 0 0 0
5017359669 0 0 0
5017359669 0 0 0
5017359682 7158 0 23
5017359682 7158 0 23
5017359682 7158 0 23
5017359682 7158 0 23
5017359682 7158 0 23
5017359682 7158 0 23
5017359682 7158 0 23
5017359682 7158 0 23
5017359682 7158 0 23
5017359682 7158 0 23
5017359695 0 0 0
5017359695 0 0 0
5017359695 0 0 0
5017359695 0 0 0
5017359695 0 0 0
5017359695 0 0 0
5017359695 0 0 0
5017359695 0 0 0
5017359695 0 0 0
5017359695 0 0 0
5017359708 0 0 0
5017359708 0 0 0
5017359708 0 0 0
5017359708 0 0 0
5017359708 0 0 0
5017359708 0 0 0
5017359708 0 0 0
5017359708 0 0 0
5017359708 0 0 0
5017359708 0 0 0
5017359721 0 0 0
5017359721 0 0 0
5017359721 0 0 0
5017359721 0 0 0
5017359721 0 0 0
5017359721 0 0 0
5017359721 0 0 0
5017359721 0 0 0
5017359721 0 0 0
5017359721 0 0 0
5017359734 0 0 0
5017359734 0 0 0
5017359734 0 0 0
5017359734 0 0 0
5017359734 0 0 0
5017359734 0 0 0
5017359734 0 0 0
5017359734 0 0 0
5017359734 0 0 0
5017359734 0 0 0
5017359747 0 0 0
5017359747 0 0 0
5017359747 0 0 0
5017359747 0 0 0
5017359747 0 0 0
5017359747 0 0 0
5017359747 0 0 0
5017359747 0 0 0
5017359747 0 0 0
5017359747 0 0 0
5017359760 0 0 0
5017359760 0 0 0
5017359760 0 0 0
5017359760 0 0 0
5017359760 0 0 0
5017359760 0 0 0
5017359760 0 0 0
5017359760 0 0 0
5017359760 0 0 0
5017359760 0 0 0
5017359773 0 0 0
5017359773 0 0 0
5017359773 0 0 0
5017359773 0 0 0
5017359773 0 0 0
5017359773 0 0 0
5017359773 0 0 0
5017359773 0 0 0
5017359773 0 0 0
5017359773 0 0 0
5017359786 0 0 0
5017359786 0 0 0
5017359786 0 0 0
5017359786 0 0 0
5017359786 0 0 0
5017359786 0 0 0
5017359786 0 0 0
5017359786 0 0 0
5017359786 0 0 0
5017359786 0 0 0
5017359799 0 0 0
5017359799 0 0 0
5017359799 0 0 0
5017359799 0 0 0
5017359799 0 0 0
5017359799 0 0 0
5017359799 0 0 0
5017359799 0 0 0
5017359799 0 0 0
5017359799 0 0 0
5017359812 0 0 0
5017359812 0 0 0
5017359812 0 0 0
5017359812 0 0 0
5017359812 0 0 0
5017359812 0 0 0
5017359812 0 0 0
5017359812 0 0 0
5017359812 0 0 0
5017359812 0 0 0
5017359825 0 0 0
5017359825 0 0 0
5017359825 0 0 0
5017359825 0 0 0
5017359825 0 0 0
5017359825 0 0 0
5017359825 0 0 0
5017359825 0 0 0
5017359825 0 0 0
5017359825 0 0 0
5017359838 0 0 0
5017359838 0 0 0
5017359838 0 0 0
5017359838 0 0 0
5017359838 0 0 0
5017359838 0 0 0
5017359838 0 0 0
5017359838 0 0 0
5017359838 0 0 0
5017359838 0 0 0
5017359851 0 0 0
5017359851 0 0 0
5017359851 0 0 0
5017359851 0 0 0
5017359851 0 0 0
5017359851 0 0 0
5017359851 0 0 0
5017359851 0 0 0
5017359851 0 0 0
5017359851 0 0 0
5017359864 0 0 0
5017359864 0 0 0
5017359864 0 0 0
5017359864 0 0 0
5017359864 0 0 0
5017359864 0 0 0
5017359864 0 0 0
5017359864 0 0 0
5017359864 0 0 0
5017359864 0 0 0
5017359877 0 0 0
5017359877 0 0 0
5017359877 0 0 0
5017359877 0 0 0
5017359877 0 0 0
5017359877 0 0 0
5017359877 0 0 0
5017359877 0 0 0
5017359877 0 0 0
5017359877 0 0 0
5017359890 0 0 0
5017359890 0 0 0
5017359890 0 0 0
5017359890 0 0 0
5017359890 0 0 0
5017359890 0 0 0
5017359890 0 0 0
5017359890 0 0 0
5017359890 0 0 0
5017359890 0 0 0
5017359903 0 0 0
5017359903 0 0 0
5017359903 0 0 0
5017359903 0 0 0
5017359903 0 0 0
5017359903 0 0 0
5017359903 0 0 0
5017359903 0 0 0
5017359903 0 0 0
5017359903 0 0 0
5017359916 0 0 0
5017359916 0 0 0
5017359916 0 0 0
5017359916 0 0 0
5017359916 0 0 0
5017359916 0 0 0
5017359916 0 0 0
5017359916 0 0 0
5017359916 0 0 0
5017359916 0 0 0
5017359929 0 0 0
5017359929 0 0 0
5017359929 0 0 0
5017359929 0 0 0
5017359929 0 0 0
5017359929 3398 0 15
5017359929 6517 0 15
5017359929 6517 0 15
5017359929 0 0 0
5017359929 6517 0 23
5017359942 6517 0 23
5017359942 6517 0 23
5017359942 6517 0 23
5017359942 6517 0 15
5017359942 6517 0 15
5017359942 3119 0 7
5017359942 0 0 0
5017359942 0 0 0
5017359942 6517 0 15
5017359942 0 0 0
5017359955 0 0 0
5017359955 0 0 0
5017359955 0 0 0
5017359955 0 0 0
5017359955 0 0 0
5017359955 0 0 0
5017359955 0 0 0
5017359955 0 0 0
5017359955 0 0 0
5017359955 0 0 0
5017359968 0 0 0
5017359968 0 0 0
5017359968 0 0 0
5017359968 0 0 0
5017359968 0 0 0
5017359968 0 0 0
5017359968 0 0 0
5017359968 0 0 0
5017359968 0 0 0
5017359968 0 0 0
5017359981 0 0 0
5017359981 0 0 0
5017359981 0 0 0
5017359981 0 0 0
5017359981 0 0 0
5017359981 0 0 0
5017359981 0 0 0
5017359981 0 0 0
5017359981 0 0 0
5017359981 0 0 0
5017359994 0 0 0
5017359994 0 0 0
5017359994 0 0 0
5017359994 0 0 0
5017359994 0 0 0
5017359994 0 0 0
5017359994 0 0 0
5017359994 0 0 0
5017359994 0 0 0
5017359994 0 0 0
5017360007 0 0 0
5017360007 0 0 0
5017360007 0 0 0
5017360007 0 0 0
5017360007 0 0 0
5017360007 0 0 0
5017360007 0 0 0
5017360007 0 0 0
5017360007 0 0 0
5017360007 0 0 0
5017360020 0 0 0
5017360020 0 0 0
5017360020 0 0 0
5017360020 0 0 0
5017360020 0 0 0
5017360020 0 0 0
5017360020 0 0 0
5017360020 0 0 0
5017360020 0 0 0
5017360020 0 0 0
5017360033 0 0 0
5017360033 0 0 0
5017360033 0 0 0
5017360033 0 0 0
5017360033 0 0 0
5017360033 0 0 0
5017360033 0 0 0
5017360033 0 0 0
5017360033 0 0 0
5017360033 0 0 0
5017360046 0 0 0
5017360046 0 0 0
5017360046 0 0 0
5017360046 0 0 0
5017360046 0 0 0
5017360046 0 0 0
5017360046 0 0 0
5017360046 0 0 0
5017360046 0 0 0
5017360046 0 0 0
5017360059 0 0 0
5017360059 0 0 0
5017360059 0 0 0
5017360059 0 0 0
5017360059 0 0 0
5017360059 0 0 0
5017360059 0 0 0
5017360059 0 0 0
5017360059 0 0 0
5017360059 0 0 0
5017360072 0 0 0
5017360072 0 0 0
5017360072 0 0 0
5017360072 0 0 0
5017360072 0 0 0
5017360072 0 0 0
5017360072 0 0 0
5017360072 0 0 0
5017360072 0 0 0
5017360072 0 0 0
5017360085 0 0 0
5017360085 0 0 0
5017360085 0 0 0
5017360085 0 0 0
5017360085 0 0 0
5017360085 0 0 0
5017360085 0 0 0
5017360085 0 0 0
5017360085 0 0 0
5017360085 0 0 0
5017360098 0 0 0
5017360098 0 0 0
5017360098 0 0 0
5017360098 0 0 0
5017360098 0 0 0
5017360098 0 0 0
5017360098 0 0 0
5017360098 0 0 0
5017360098 0 0 0
5017360098 0 0 0
5017360111 0 0 0
5017360111 0 0 0
5017360111 0 0 0
5017360111 0 0 0
5017360111 0 0 0
5017360111 0 0 0
5017360111 0 0 0
5017360111 0 0 0
5017360111 0 0 0
5017360111 0 0 0
5017360124 0 0 0
5017360124 0 0 0
5017360124 0 0 0
5017360124 0 0 0
5017360124 0 0 0
5017360124 0 0 0
5017360124 0 0 0
5017360124 0 0 0
5017360124 0 0 0
5017360124 0 0 0
5017360137 0 0 0
5017360137 0 0 0
5017360137 0 0 0
5017360137 0 0 0
5017360137 0 0 0
5017360137 0 0 0
5017360137 0 0 0
5017360137 0 0 0
5017360137 0 0 0
5017360137 0 0 0
5017360150 0 0 0
5017360150 0 0 0
5017360150 0 0 0
5017360150 0 0 0
5017360150 0 0 0
5017360150 0 0 0
5017360150 0 0 0
5017360150 0 0 0
5017360150 0 0 0
5017360150 0 0 0
5017360163 0 0 0
5017360163 0 0 0
5017360163 0 0 0
5017360163 0 0 0
5017360163 0 0 0
5017360163 0 0 0
5017360163 0 0 0
5017360163 0 0 0
5017360163 0 0 0
5017360163 0 0 0
5017360176 0 0 0
5017360176 0 0 0
5017360176 0 0 0
5017360176 0 0 0
5017360176 0 0 0
5017360176 0 0 0
5017360176 0 0 0
5017360176 0 0 0
5017360176 0 0 0
5017360176 0 0 0
5017360189 5328 0 15
5017360189 2653 0 7
5017360189 2499 0 7
5017360189 4913 0 15
5017360189 5054 0 15
5017360189 6054 0 15
5017360189 6054 0 23
5017360189 6054 0 23
5017360189 2935 0 15
5017360189 6054 0 15
5017360202 726 0 0
5017360202 3401 0 7
5017360202 3555 0 7
5017360202 1141 0 0
5017360202 1000 0 0
5017360202 0 0 0
5017360202 0 0 0
5017360202 0 0 0
5017360202 3119 0 7
5017360202 0 0 0
5017360215 0 0 0
5017360215 0 0 0
5017360215 0 0 0
5017360215 0 0 0
5017360215 0 0 0
5017360215 0 0 0
5017360215 0 0 0
5017360215 0 0 0
5017360215 0 0 0
5017360215 0 0 0
5017360228 0 0 0
5017360228 0 0 0
5017360228 0 0 0
5017360228 0 0 0
5017360228 0 0 0
5017360228 0 0 0
5017360228 0 0 0
5017360228 0 0 0
5017360228 0 0 0
5017360228 0 0 0
5017360241 0 0 0
5017360241 0 0 0
5017360241 0 0 0
5017360241 0 0 0
5017360241 0 0 0
5017360241 0 0 0
5017360241 0 0 0
5017360241 0 0 0
5017360241 0 0 0
5017360241 0 0 0
5017360254 0 0 0
5017360254 0 0 0
5017360254 0 0 0
5017360254 0 0 0
5017360254 0 0 0
5017360254 0 0 0
5017360254 0 0 0
5017360254 0 0 0
5017360254 0 0 0
5017360254 0 0 0
5017360267 0 0 0
5017360267 0 0 0
5017360267 0 0 0
5017360267 0 0 0
5017360267 0 0 0
5017360267 0 0 0
5017360267 0 0 0
5017360267 0 0 0
5017360267 0 0 0
5017360267 0 0 0
5017360280 0 0 0
5017360280 0 0 0
5017360280 0 0 0
5017360280 0 0 0
5017360280 0 0 0
5017360280 0 0 0
5017360280 0 0 0
5017360280 0 0 0
5017360280 0 0 0
5017360280 0 0 0
5017360293 0 0 0
5017360293 0 0 0
5017360293 0 0 0
5017360293 0 0 0
5017360293 0 0 0
5017360293 0 0 0
5017360293 0 0 0
5017360293 0 0 0
5017360293 0 0 0
5017360293 0 0 0
5017360306 0 0 0
5017360306 0 0 0
5017360306 0 0 0
5017360306 0 0 0
5017360306 0 0 0
5017360306 0 0 0
5017360306 0 0 0
5017360306 0 0 0
5017360306 0 0 0
5017360306 0 0 0
5017360319 0 0 0
5017360319 0 0 0
5017360319 0 0 0
5017360319 0 0 0
5017360319 0 0 0
5017360319 0 0 0
5017360319 0 0 0
5017360319 0 0 0
5017360319 0 0 0
5017360319 0 0 0
5017360332 0 0 0
5017360332 0 0 0
5017360332 0 0 0
5017360332 0 0 0
5017360332 0 0 0
5017360332 0 0 0
5017360332 0 0 0
5017360332 0 0 0
5017360332 0 0 0
5017360332 0 0 0
5017360345 0 0 0
5017360345 0 0 0
5017360345 0 0 0
5017360345 0 0 0
5017360345 0 0 0
5017360345 0 0 0
5017360345 0 0 0
5017360345 0 0 0
5017360345 0 0 0
5017360345 0 0 0
5017360358 0 0 0
5017360358 0 0 0
5017360358 0 0 0
5017360358 0 0 0
5017360358 0 0 0
5017360358 0 0 0
5017360358 0 0 0
5017360358 0 0 0
5017360358 0 0 0
5017360358 0 0 0
5017360371 0 0 0
5017360371 0 0 0
5017360371 0 0 0
5017360371 0 0 0
5017360371 0 0 0
5017360371 0 0 0
5017360371 0 0 0
5017360371 0 0 0
5017360371 0 0 0
5017360371 0 0 0
5017360384 0 0 0
5017360384 0 0 0
5017360384 0 0 0
5017360384 0 0 0
5017360384 0 0 0
5017360384 0 0 0
5017360384 0 0 0
5017360384 0 0 0
5017360384 0 0 0
5017360384 0 0 0
5017360397 0 0 0
5017360397 0 0 0
5017360397 0 0 0
5017360397 0 0 0
5017360397 0 0 0
5017360397 0 0 0
5017360397 0 0 0
5017360397 0 0 0
5017360397 0 0 0
5017360397 0 0 0
5017360410 0 0 0
5017360410 0 0 0
5017360410 0 0 0
5017360410 0 0 0
5017360410 0 0 0
5017360410 0 0 0
5017360410 0 0 0
5017360410 0 0 0
5017360410 0 0 0
5017360410 0 0 0
5017360423 0 0 0
5017360423 0 0 0
5017360423 0 0 0
5017360423 0 0 0
5017360423 0 0 0
5017360423 0 0 0
5017360423 0 0 0
5017360423 0 0 0
5017360423 0 0 0
5017360423 0 0 0
5017360436 0 0 0
5017360436 0 0 0
5017360436 0 0 0
5017360436 0 0 0
5017360436 0 0 0
5017360436 5570 0 23
5017360436 5570 0 15
5017360436 5570 0 15
5017360436 0 0 0
5017360436 5570 0 23
5017360449 5570 0 15
5017360449 5570 0 15
5017360449 5570 0 23
5017360449 5570 0 23
5017360449 5570 0 15
5017360449 0 0 0
5017360449 0 0 0
5017360449 0 0 0
5017360449 5570 0 15
5017360449 0 0 0
5017360462 0 0 0
5017360462 0 0 0
5017360462 0 0 0
5017360462 0 0 0
5017360462 0 0 0
5017360462 0 0 0
5017360462 0 0 0
5017360462 0 0 0
5017360462 0 0 0
5017360462 0 0 0
5017360475 0 0 0
5017360475 0 0 0
5017360475 0 0 0
5017360475 0 0 0
5017360475 0 0 0
5017360475 0 0 0
5017360475 0 0 0
5017360475 0 0 0
5017360475 0 0 0
5017360475 0 0 0
5017360488 0 0 0
5017360488 0 0 0
5017360488 0 0 0
5017360488 0 0 0
5017360488 0 0 0
5017360488 0 0 0
5017360488 0 0 0
5017360488 0 0 0
5017360488 0 0 0
5017360488 0 0 0
5017360501 0 0 0
5017360501 0 0 0
5017360501 0 0 0
5017360501 0 0 0
5017360501 0 0 0
5017360501 0 0 0
5017360501 0 0 0
5017360501 0 0 0
5017360501 0 0 0
5017360501 0 0 0
5017360514 0 0 0
5017360514 0 0 0
5017360514 0 0 0
5017360514 0 0 0
5017360514 0 0 0
5017360514 0 0 0
5017360514 0 0 0
5017360514 0 0 0
5017360514 0 0 0
5017360514 0 0 0
5017360527 0 0 0
5017360527 0 0 0
5017360527 0 0 0
5017360527 0 0 0
5017360527 0 0 0
5017360527 0 0 0
5017360527 0 0 0
5017360527 0 0 0
5017360527 0 0 0
5017360527 0 0 0
5017360540 0 0 0
5017360540 0 0 0
5017360540 0 0 0
5017360540 0 0 0
5017360540 0 0 0
5017360540 0 0 0
5017360540 0 0 0
5017360540 0 0 0
5017360540 0 0 0
5017360540 0 0 0
5017360553 0 0 0
5017360553 0 0 0
5017360553 0 0 0
5017360553 0 0 0
5017360553 0 0 0
5017360553 0 0 0
5017360553 0 0 0
5017360553 0 0 0
5017360553 0 0 0
5017360553 0 0 0
5017360566 0 0 0
5017360566 0 0 0
5017360566 0 0 0
5017360566 0 0 0
5017360566 0 0 0
5017360566 0 0 0
5017360566 0 0 0
5017360566 0 0 0
5017360566 0 0 0
5017360566 0 0 0
5017360579 0 0 0
5017360579 0 0 0
5017360579 0 0 0
5017360579 0 0 0
5017360579 0 0 0
5017360579 0 0 0
5017360579 0 0 0
5017360579 0 0 0
5017360579 0 0 0
5017360579 0 0 0
5017360592 0 0 0
5017360592 0 0 0
5017360592 0 0 0
5017360592 0 0 0
5017360592 0 0 0
5017360592 0 0 0
5017360592 0 0 0
5017360592 0 0 0
5017360592 0 0 0
5017360592 0 0 0
5017360605 0 0 0
5017360605 0 0 0
5017360605 0 0 0
5017360605 0 0 0
5017360605 0 0 0
5017360605 0 0 0
5017360605 0 0 0
5017360605 0 0 0
5017360605 0 0 0
5017360605 0 0 0
5017360618 0 0 0
5017360618 0 0 0
5017360618 0 0 0
5017360618 0 0 0
5017360618 0 0 0
5017360618 0 0 0
5017360618 0 0 0
5017360618 0 0 0
5017360618 0 0 0
5017360618 0 0 0
5017360631 0 0 0
5017360631 0 0 0
5017360631 0 0 0
5017360631 0 0 0
5017360631 0 0 0
5017360631 0 0 0
5017360631 0 0 0
5017360631 0 0 0
5017360631 0 0 0
5017360631 0 0 0
5017360644 0 0 0
5017360644 0 0 0
5017360644 0 0 0
5017360644 0 0 0
5017360644 0 0 0
5017360644 0 0 0
5017360644 0 0 0
5017360644 0 0 0
5017360644 0 0 0
5017360644 0 0 0
5017360657 0 0 0
5017360657 0 0 0
5017360657 0 0 0
5017360657 0 0 0
5017360657 0 0 0
5017360657 0 0 0
5017360657 0 0 0
5017360657 0 0 0
5017360657 0 0 0
5017360657 0 0 0
5017360670 0 0 0
5017360670 0 0 0
5017360670 0 0 0
5017360670 0 0 0
5017360670 0 0 0
5017360670 0 0 0
5017360670 0 0 0
5017360670 0 0 0
5017360670 0 0 0
5017360670 0 0 0
5017360683 0 0 0
5017360683 0 0 0
5017360683 0 0 0
5017360683 0 0 0
5017360683 0 0 0
5017360683 0 0 0
5017360683 3763 0 15
5017360683 0 0 0
5017360683 0 0 0
5017360683 0 0 0
5017360696 5169 0 23
5017360696 2397 0 7
5017360696 105 0 0
5017360696 5169 0 15
5017360696 979 0 7
5017360696 5169 0 23
5017360696 1406 0 0
5017360696 5169 0 23
5017360696 2043 0 7
5017360696 5169 0 15
5017360709 0 0 0
5017360709 2772 0 7
5017360709 5064 0 15
5017360709 0 0 0
5017360709 4190 0 7
5017360709 0 0 0
5017360709 0 0 0
5017360709 0 0 0
5017360709 3126 0 7
5017360709 0 0 0
5017360722 0 0 0
5017360722 0 0 0
5017360722 0 0 0
5017360722 0 0 0
5017360722 0 0 0
5017360722 0 0 0
5017360722 0 0 0
5017360722 0 0 0
5017360722 0 0 0
5017360722 0 0 0
5017360735 0 0 0
5017360735 0 0 0
5017360735 0 0 0
5017360735 0 0 0
5017360735 0 0 0
5017360735 0 0 0
5017360735 0 0 0
5017360735 0 0 0
5017360735 0 0 0
5017360735 0 0 0
5017360748 0 0 0
5017360748 0 0 0
5017360748 0 0 0
5017360748 0 0 0
5017360748 0 0 0
5017360748 0 0 0
5017360748 0 0 0
5017360748 0 0 0
5017360748 0 0 0
5017360748 0 0 0
5017360761 0 0 0
5017360761 0 0 0
5017360761 0 0 0
5017360761 0 0 0
5017360761 0 0 0
5017360761 0 0 0
5017360761 0 0 0
5017360761 0 0 0
5017360761 0 0 0
5017360761 0 0 0
5017360774 0 0 0
5017360774 0 0 0
5017360774 0 0 0
5017360774 0 0 0
5017360774 0 0 0
5017360774 0 0 0
5017360774 0 0 0
5017360774 0 0 0
5017360774 0 0 0
5017360774 0 0 0
5017360787 0 0 0
5017360787 0 0 0
5017360787 0 0 0
5017360787 0 0 0
5017360787 0 0 0
5017360787 0 0 0
5017360787 0 0 0
5017360787 0 0 0
5017360787 0 0 0
5017360787 0 0 0
5017360800 0 0 0
5017360800 0 0 0
5017360800 0 0 0
5017360800 0 0 0
5017360800 0 0 0
5017360800 0 0 0
5017360800 0 0 0
5017360800 0 0 0
5017360800 0 0 0
5017360800 0 0 0
5017360813 0 0 0
5017360813 0 0 0
5017360813 0 0 0
5017360813 0 0 0
5017360813 0 0 0
5017360813 0 0 0
5017360813 0 0 0
5017360813 0 0 0
5017360813 0 0 0
5017360813 0 0 0
5017360826 0 0 0
5017360826 0 0 0
5017360826 0 0 0
5017360826 0 0 0
5017360826 0 0 0
5017360826 0 0 0
5017360826 0 0 0
5017360826 0 0 0
5017360826 0 0 0
5017360826 0 0 0
5017360839 0 0 0
5017360839 0 0 0
5017360839 0 0 0
5017360839 0 0 0
5017360839 0 0 0
5017360839 0 0 0
5017360839 0 0 0
5017360839 0 0 0
5017360839 0 0 0
5017360839 0 0 0
5017360852 0 0 0
5017360852 0 0 0
5017360852 0 0 0
5017360852 0 0 0
5017360852 0 0 0
5017360852 0 0 0
5017360852 0 0 0
5017360852 0 0 0
5017360852 0 0 0
5017360852 0 0 0
5017360865 0 0 0
5017360865 0 0 0
5017360865 0 0 0
5017360865 0 0 0
5017360865 0 0 0
5017360865 0 0 0
5017360865 0 0 0
5017360865 0 0 0
5017360865 0 0 0
5017360865 0 0 0
5017360878 0 0 0
5017360878 0 0 0
5017360878 0 0 0
5017360878 0 0 0
5017360878 0 0 0
5017360878 0 0 0
5017360878 0 0 0
5017360878 0 0 0
5017360878 0 0 0
5017360878 0 0 0
5017360891 0 0 0
5017360891 0 0 0
5017360891 0 0 0
5017360891 0 0 0
5017360891 0 0 0
5017360891 0 0 0
5017360891 0 0 0
5017360891 0 0 0
5017360891 0 0 0
5017360891 0 0 0
5017360904 0 0 0
5017360904 0 0 0
5017360904 0 0 0
5017360904 0 0 0
5017360904 0 0 0
5017360904 0 0 0
5017360904 0 0 0
5017360904 0 0 0
5017360904 0 0 0
5017360904 0 0 0
5017360917 0 0 0
5017360917 0 0 0
5017360917 0 0 0
5017360917 0 0 0
5017360917 0 0 0
5017360917 0 0 0
5017360917 0 0 0
5017360917 0 0 0
5017360917 0 0 0
5017360917 0 0 0
5017360930 0 0 0
5017360930 0 0 0
5017360930 0 0 0
5017360930 0 0 0
5017360930 0 0 0
5017360930 0 0 0
5017360930 0 0 0
5017360930 0 0 0
5017360930 0 0 0
5017360930 0 0 0
5017360943 0 0 0
5017360943 0 0 0
5017360943 0 0 0
5017360943 0 0 0
5017360943 0 0 0
5017360943 4856 0 15
5017360943 4856 0 15
5017360943 4856 0 15
5017360943 0 0 0
5017360943 4856 0 15
5017360956 4856 0 15
5017360956 4856 0 23
5017360956 4856 0 15
5017360956 4856 0 15
5017360956 4856 0 15
5017360956 0 0 0
5017360956 0 0 0
5017360956 0 0 0
5017360956 4856 0 15
5017360956 0 0 0
5017360969 0 0 0
5017360969 0 0 0
5017360969 0 0 0
5017360969 0 0 0
5017360969 0 0 0
5017360969 0 0 0
5017360969 0 0 0
5017360969 0 0 0
5017360969 0 0 0
5017360969 0 0 0
5017360982 0 0 0
5017360982 0 0 0
5017360982 0 0 0
5017360982 0 0 0
5017360982 0 0 0
5017360982 0 0 0
5017360982 0 0 0
5017360982 0 0 0
5017360982 0 0 0
5017360982 0 0 0
5017360995 0 0 0
5017360995 0 0 0
5017360995 0 0 0
5017360995 0 0 0
5017360995 0 0 0
5017360995 0 0 0
5017360995 0 0 0
5017360995 0 0 0
5017360995 0 0 0
5017360995 0 0 0
5017361008 0 0 0
5017361008 0 0 0
5017361008 0 0 0
5017361008 0 0 0
5017361008 0 0 0
5017361008 0 0 0
5017361008 0 0 0
5017361008 0 0 0
5017361008 0 0 0
5017361008 0 0 0
5017361021 0 0 0
5017361021 0 0 0
5017361021 0 0 0
5017361021 0 0 0
5017361021 0 0 0
5017361021 0 0 0
5017361021 0 0 0
5017361021 0 0 0
5017361021 0 0 0
5017361021 0 0 0
5017361034 0 0 0
5017361034 0 0 0
5017361034 0 0 0
5017361034 0 0 0
5017361034 0 0 0
5017361034 0 0 0
5017361034 0 0 0
5017361034 0 0 0
5017361034 0 0 0
5017361034 0 0 0
5017361047 0 0 0
5017361047 0 0 0
5017361047 0 0 0
5017361047 0 0 0
5017361047 0 0 0
5017361047 0 0 0
5017361047 0 0 0
5017361047 0 0 0
5017361047 0 0 0
5017361047 0 0 0
5017361060 0 0 0
5017361060 0 0 0
5017361060 0 0 0
5017361060 0 0 0
5017361060 0 0 0
5017361060 0 0 0
5017361060 0 0 0
5017361060 0 0 0
5017361060 0 0 0
5017361060 0 0 0
5017361073 0 0 0
5017361073 0 0 0
5017361073 0 0 0
5017361073 0 0 0
5017361073 0 0 0
5017361073 0 0 0
5017361073 0 0 0
5017361073 0 0 0
5017361073 0 0 0
5017361073 0 0 0
5017361086 0 0 0
5017361086 0 0 0
5017361086 0 0 0
5017361086 0 0 0
5017361086 0 0 0
5017361086 0 0 0
5017361086 0 0 0
5017361086 0 0 0
5017361086 0 0 0
5017361086 0 0 0
5017361099 0 0 0
5017361099 0 0 0
5017361099 0 0 0
5017361099 0 0 0
5017361099 0 0 0
5017361099 0 0 0
5017361099 0 0 0
5017361099 0 0 0
5017361099 0 0 0
5017361099 0 0 0
5017361112 0 0 0
5017361112 0 0 0
5017361112 0 0 0
5017361112 0 0 0
5017361112 0 0 0
5017361112 0 0 0
5017361112 0 0 0
5017361112 0 0 0
5017361112 0 0 0
5017361112 0 0 0
5017361125 0 0 0
5017361125 0 0 0
5017361125 0 0 0
5017361125 0 0 0
5017361125 0 0 0
5017361125 0 0 0
5017361125 0 0 0
5017361125 0 0 0
5017361125 0 0 0
5017361125 0 0 0
5017361138 0 0 0
5017361138 0 0 0
5017361138 0 0 0
5017361138 0 0 0
5017361138 0 0 0
5017361138 0 0 0
5017361138 0 0 0
5017361138 0 0 0
5017361138 0 0 0
5017361138 0 0 0
5017361151 0 0 0
5017361151 0 0 0
5017361151 0 0 0
5017361151 0 0 0
5017361151 0 0 0
5017361151 0 0 0
5017361151 0 0 0
5017361151 0 0 0
5017361151 0 0 0
5017361151 0 0 0
5017361164 0 0 0
5017361164 0 0 0
5017361164 0 0 0
5017361164 0 0 0
5017361164 0 0 0
5017361164 0 0 0
5017361164 0 0 0
5017361164 0 0 0
5017361164 0 0 0
5017361164 0 0 0
5017361177 0 0 0
5017361177 0 0 0
5017361177 0 0 0
5017361177 0 0 0
5017361177 0 0 0
5017361177 0 0 0
5017361177 0 0 0
5017361177 0 0 0
5017361177 0 0 0
5017361177 0 0 0
5017361190 0 0 0
5017361190 0 0 0
5017361190 0 0 0
5017361190 0 0 0
5017361190 0 0 0
5017361190 0 0 0
5017361190 4449 0 15
5017361190 2114 0 15
5017361190 0 0 0
5017361190 4449 0 15
5017361203 4449 0 15
5017361203 1022 0 7
5017361203 2857 0 15
5017361203 4449 0 15
5017361203 4449 0 15
5017361203 4449 0 15
5017361203 0 0 0
5017361203 2335 0 7
5017361203 4449 0 15
5017361203 0 0 0
5017361216 0 0 0
5017361216 3427 0 7
5017361216 1592 0 0
5017361216 0 0 0
5017361216 0 0 0
5017361216 0 0 0
5017361216 0 0 0
5017361216 0 0 0
5017361216 0 0 0
5017361216 0 0 0
5017361229 0 0 0
5017361229 0 0 0
5017361229 0 0 0
5017361229 0 0 0
5017361229 0 0 0
5017361229 0 0 0
5017361229 0 0 0
5017361229 0 0 0
5017361229 0 0 0
5017361229 0 0 0
5017361242 0 0 0
5017361242 0 0 0
5017361242 0 0 0
5017361242 0 0 0
5017361242 0 0 0
5017361242 0 0 0
5017361242 0 0 0
5017361242 0 0 0
5017361242 0 0 0
5017361242 0 0 0
5017361255 0 0 0
5017361255 0 0 0
5017361255 0 0 0
5017361255 0 0 0
5017361255 0 0 0
5017361255 0 0 0
5017361255 0 0 0
5017361255 0 0 0
5017361255 0 0 0
5017361255 0 0 0
5017361268 0 0 0
5017361268 0 0 0
5017361268 0 0 0
5017361268 0 0 0
5017361268 0 0 0
5017361268 0 0 0
5017361268 0 0 0
5017361268 0 0 0
5017361268 0 0 0
5017361268 0 0 0
5017361281 0 0 0
5017361281 0 0 0
5017361281 0 0 0
5017361281 0 0 0
5017361281 0 0 0
5017361281 0 0 0
5017361281 0 0 0
5017361281 0 0 0
5017361281 0 0 0
5017361281 0 0 0
5017361294 0 0 0
5017361294 0 0 0
5017361294 0 0 0
5017361294 0 0 0
5017361294 0 0 0
5017361294 0 0 0
5017361294 0 0 0
5017361294 0 0 0
5017361294 0 0 0
5017361294 0 0 0
5017361307 0 0 0
5017361307 0 0 0
5017361307 0 0 0
5017361307 0 0 0
5017361307 0 0 0
5017361307 0 0 0
5017361307 0 0 0
5017361307 0 0 0
5017361307 0 0 0
5017361307 0 0 0
5017361320 0 0 0
5017361320 0 0 0
5017361320 0 0 0
5017361320 0 0 0
5017361320 0 0 0
5017361320 0 0 0
5017361320 0 0 0
5017361320 0 0 0
5017361320 0 0 0
5017361320 0 0 0
5017361333 0 0 0
5017361333 0 0 0
5017361333 0 0 0
5017361333 0 0 0
5017361333 0 0 0
5017361333 0 0 0
5017361333 0 0 0
5017361333 0 0 0
5017361333 0 0 0
5017361333 0 0 0
5017361346 0 0 0
5017361346 0 0 0
5017361346 0 0 0
5017361346 0 0 0
5017361346 0 0 0
5017361346 0 0 0
5017361346 0 0 0
5017361346 0 0 0
5017361346 0 0 0
5017361346 0 0 0
5017361359 0 0 0
5017361359 0 0 0
5017361359 0 0 0
5017361359 0 0 0
5017361359 0 0 0
5017361359 0 0 0
5017361359 0 0 0
5017361359 0 0 0
5017361359 0 0 0
5017361359 0 0 0
5017361372 0 0 0
5017361372 0 0 0
5017361372 0 0 0
5017361372 0 0 0
5017361372 0 0 0
5017361372 0 0 0
5017361372 0 0 0
5017361372 0 0 0
5017361372 0 0 0
5017361372 0 0 0
5017361385 0 0 0
5017361385 0 0 0
5017361385 0 0 0
5017361385 0 0 0
5017361385 0 0 0
5017361385 0 0 0
5017361385 0 0 0
5017361385 0 0 0
5017361385 0 0 0
5017361385 0 0 0
5017361398 0 0 0
5017361398 0 0 0
5017361398 0 0 0
5017361398 0 0 0
5017361398 0 0 0
5017361398 0 0 0
5017361398 0 0 0
5017361398 0 0 0
5017361398 0 0 0
5017361398 0 0 0
5017361411 0 0 0
5017361411 0 0 0
5017361411 0 0 0
5017361411 0 0 0
5017361411 0 0 0
5017361411 0 0 0
5017361411 0 0 0
5017361411 0 0 0
5017361411 0 0 0
5017361411 0 0 0
5017361424 0 0 0
5017361424 0 0 0
5017361424 0 0 0
5017361424 0 0 0
5017361424 0 0 0
5017361424 0 0 0
5017361424 0 0 0
5017361424 0 0 0
5017361424 0 0 0
5017361424 0 0 0
5017361437 0 0 0
5017361437 0 0 0
5017361437 0 0 0
5017361437 0 0 0
5017361437 0 0 0
5017361437 0 0 0
5017361437 0 0 0
5017361437 0 0 0
5017361437 0 0 0
5017361437 0 0 0
5017361450 2383 0 15
5017361450 0 0 0
5017361450 0 0 0
5017361450 2309 0 15
5017361450 0 0 0
5017361450 4170 0 15
5017361450 4170 0 23
5017361450 4170 0 15
5017361450 0 0 0
5017361450 4170 0 15
5017361463 1787 0 0
5017361463 4170 0 15
5017361463 4170 0 15
5017361463 1861 0 0
5017361463 4170 0 15
5017361463 0 0 0
5017361463 0 0 0
5017361463 0 0 0
5017361463 4170 0 15
5017361463 0 0 0
5017361476 0 0 0
5017361476 0 0 0
5017361476 0 0 0
5017361476 0 0 0
5017361476 0 0 0
5017361476 0 0 0
5017361476 0 0 0
5017361476 0 0 0
5017361476 0 0 0
5017361476 0 0 0
5017361489 0 0 0
5017361489 0 0 0
5017361489 0 0 0
5017361489 0 0 0
5017361489 0 0 0
5017361489 0 0 0
5017361489 0 0 0
5017361489 0 0 0
5017361489 0 0 0
5017361489 0 0 0
5017361502 0 0 0
5017361502 0 0 0
5017361502 0 0 0
5017361502 0 0 0
5017361502 0 0 0
5017361502 0 0 0
5017361502 0 0 0
5017361502 0 0 0
5017361502 0 0 0
5017361502 0 0 0
5017361515 0 0 0
5017361515 0 0 0
5017361515 0 0 0
5017361515 0 0 0
5017361515 0 0 0
5017361515 0 0 0
5017361515 0 0 0
5017361515 0 0 0
5017361515 0 0 0
5017361515 0 0 0
5017361528 0 0 0
5017361528 0 0 0
5017361528 0 0 0
5017361528 0 0 0
5017361528 0 0 0
5017361528 0 0 0
5017361528 0 0 0
5017361528 0 0 0
5017361528 0 0 0
5017361528 0 0 0
5017361541 0 0 0
5017361541 0 0 0
5017361541 0 0 0
5017361541 0 0 0
5017361541 0 0 0
5017361541 0 0 0
5017361541 0 0 0
5017361541 0 0 0
5017361541 0 0 0
5017361541 0 0 0
5017361554 0 0 0
5017361554 0 0 0
5017361554 0 0 0
5017361554 0 0 0
5017361554 0 0 0
5017361554 0 0 0
5017361554 0 0 0
5017361554 0 0 0
5017361554 0 0 0
5017361554 0 0 0
5017361567 0 0 0
5017361567 0 0 0
5017361567 0 0 0
5017361567 0 0 0
5017361567 0 0 0
5017361567 0 0 0
5017361567 0 0 0
5017361567 0 0 0
5017361567 0 0 0
5017361567 0 0 0
5017361580 0 0 0
5017361580 0 0 0
5017361580 0 0 0
5017361580 0 0 0
5017361580 0 0 0
5017361580 0 0 0
5017361580 0 0 0
5017361580 0 0 0
5017361580 0 0 0
5017361580 0 0 0
5017361593 0 0 0
5017361593 0 0 0
5017361593 0 0 0
5017361593 0 0 0
5017361593 0 0 0
5017361593 0 0 0
5017361593 0 0 0
5017361593 0 0 0
5017361593 0 0 0
5017361593 0 0 0
5017361606 0 0 0
5017361606 0 0 0
5017361606 0 0 0
5017361606 0 0 0
5017361606 0 0 0
5017361606 0 0 0
5017361606 0 0 0
5017361606 0 0 0
5017361606 0 0 0
5017361606 0 0 0
5017361619 0 0 0
5017361619 0 0 0
5017361619 0 0 0
5017361619 0 0 0
5017361619 0 0 0
5017361619 0 0 0
5017361619 0 0 0
5017361619 0 0 0
5017361619 0 0 0
5017361619 0 0 0
5017361632 0 0 0
5017361632 0 0 0
5017361632 0 0 0
5017361632 0 0 0
5017361632 0 0 0
5017361632 0 0 0
5017361632 0 0 0
5017361632 0 0 0
5017361632 0 0 0
5017361632 0 0 0
5017361645 0 0 0
5017361645 0 0 0
5017361645 0 0 0
5017361645 0 0 0
5017361645 0 0 0
5017361645 0 0 0
5017361645 0 0 0
5017361645 0 0 0
5017361645 0 0 0
5017361645 0 0 0
5017361658 0 0 0
5017361658 0 0 0
5017361658 0 0 0
5017361658 0 0 0
5017361658 0 0 0
5017361658 0 0 0
5017361658 0 0 0
5017361658 0 0 0
5017361658 0 0 0
5017361658 0 0 0
5017361671 0 0 0
5017361671 0 0 0
5017361671 0 0 0
5017361671 0 0 0
5017361671 0 0 0
5017361671 0 0 0
5017361671 0 0 0
5017361671 0 0 0
5017361671 0 0 0
5017361671 0 0 0
5017361684 0 0 0
5017361684 0 0 0
5017361684 0 0 0
5017361684 0 0 0
5017361684 0 0 0
5017361684 0 0 0
5017361684 0 0 0
5017361684 0 0 0
5017361684 0 0 0
5017361684 0 0 0
5017361698 0 0 0
5017361698 0 0 0
5017361698 0 0 0
5017361698 0 0 0
5017361698 0 0 0
5017361698 3798 0 14
5017361698 3798 0 14
5017361698 3798 0 14
5017361698 0 0 0
5017361698 3798 0 14
5017361711 3798 0 15
5017361711 3798 0 15
5017361711 3798 0 30
5017361711 3798 0 23
5017361711 3798 0 23
5017361711 0 0 0
5017361711 0 0 0
5017361711 0 0 0
5017361711 3798 0 15
5017361711 0 0 0
5017361724 0 0 0
5017361724 0 0 0
5017361724 0 0 0
5017361724 0 0 0
5017361724 0 0 0
5017361724 0 0 0
5017361724 0 0 0
5017361724 0 0 0
5017361724 0 0 0
5017361724 0 0 0
5017361737 0 0 0
5017361737 0 0 0
5017361737 0 0 0
5017361737 0 0 0
5017361737 0 0 0
5017361737 0 0 0
5017361737 0 0 0
5017361737 0 0 0
5017361737 0 0 0
5017361737 0 0 0
5017361750 0 0 0
5017361750 0 0 0
5017361750 0 0 0
5017361750 0 0 0
5017361750 0 0 0
5017361750 0 0 0
5017361750 0 0 0
5017361750 0 0 0
5017361750 0 0 0
5017361750 0 0 0
5017361763 0 0 0
5017361763 0 0 0
5017361763 0 0 0
5017361763 0 0 0
5017361763 0 0 0
5017361763 0 0 0
5017361763 0 0 0
5017361763 0 0 0
5017361763 0 0 0
5017361763 0 0 0
5017361776 0 0 0
5017361776 0 0 0
5017361776 0 0 0
5017361776 0 0 0
5017361776 0 0 0
5017361776 0 0 0
5017361776 0 0 0
5017361776 0 0 0
5017361776 0 0 0
5017361776 0 0 0
5017361789 0 0 0
5017361789 0 0 0
5017361789 0 0 0
5017361789 0 0 0
5017361789 0 0 0
5017361789 0 0 0
5017361789 0 0 0
5017361789 0 0 0
5017361789 0 0 0
5017361789 0 0 0
5017361802 0 0 0
5017361802 0 0 0
5017361802 0 0 0
5017361802 0 0 0
5017361802 0 0 0
5017361802 0 0 0
5017361802 0 0 0
5017361802 0 0 0
5017361802 0 0 0
5017361802 0 0 0
5017361815 0 0 0
5017361815 0 0 0
5017361815 0 0 0
5017361815 0 0 0
5017361815 0 0 0
5017361815 0 0 0
5017361815 0 0 0
5017361815 0 0 0
5017361815 0 0 0
5017361815 0 0 0
5017361828 0 0 0
5017361828 0 0 0
5017361828 0 0 0
5017361828 0 0 0
5017361828 0 0 0
5017361828 0 0 0
5017361828 0 0 0
5017361828 0 0 0
5017361828 0 0 0
5017361828 0 0 0
5017361841 0 0 0
5017361841 0 0 0
5017361841 0 0 0
5017361841 0 0 0
5017361841 0 0 0
5017361841 0 0 0
5017361841 0 0 0
5017361841 0 0 0
5017361841 0 0 0
5017361841 0 0 0
5017361854 0 0 0
5017361854 0 0 0
5017361854 0 0 0
5017361854 0 0 0
5017361854 0 0 0
5017361854 0 0 0
5017361854 0 0 0
5017361854 0 0 0
5017361854 0 0 0
5017361854 0 0 0
5017361867 0 0 0
5017361867 0 0 0
5017361867 0 0 0
5017361867 0 0 0
5017361867 0 0 0
5017361867 0 0 0
5017361867 0 0 0
5017361867 0 0 0
5017361867 0 0 0
5017361867 0 0 0
5017361880 0 0 0
5017361880 0 0 0
5017361880 0 0 0
5017361880 0 0 0
5017361880 0 0 0
5017361880 0 0 0
5017361880 0 0 0
5017361880 0 0 0
5017361880 0 0 0
5017361880 0 0 0
5017361893 0 0 0
5017361893 0 0 0
5017361893 0 0 0
5017361893 0 0 0
5017361893 0 0 0
5017361893 0 0 0
5017361893 0 0 0
5017361893 0 0 0
5017361893 0 0 0
5017361893 0 0 0
5017361906 0 0 0
5017361906 0 0 0
5017361906 0 0 0
5017361906 0 0 0
5017361906 0 0 0
5017361906 0 0 0
5017361906 0 0 0
5017361906 0 0 0
5017361906 0 0 0
5017361906 0 0 0
5017361919 0 0 0
5017361919 0 0 0
5017361919 0 0 0
5017361919 0 0 0
5017361919 0 0 0
5017361919 0 0 0
5017361919 0 0 0
5017361919 0 0 0
5017361919 0 0 0
5017361919 0 0 0
5017361932 0 0 0
5017361932 0 0 0
5017361932 0 0 0
5017361932 0 0 0
5017361932 0 0 0
5017361932 0 0 0
5017361932 0 0 0
5017361932 0 0 0
5017361932 0 0 0
5017361932 0 0 0
5017361945 0 0 0
5017361945 0 0 0
5017361945 0 0 0
5017361945 0 0 0
5017361945 0 0 0
5017361945 0 0 0
5017361945 3582 0 15
5017361945 0 0 0
5017361945 0 0 0
5017361945 2342 0 15
5017361959 3582 0 14
5017361959 0 0 0
5017361959 0 0 0
5017361959 3582 0 7
5017361959 3582 0 14
5017361959 3582 0 14
5017361959 0 0 0
5017361959 3582 0 7
5017361959 3582 0 14
5017361959 1240 0 0
5017361972 0 0 0
5017361972 3582 0 23
5017361972 3582 0 15
5017361972 0 0 0
5017361972 0 0 0
5017361972 0 0 0
5017361972 0 0 0
5017361972 0 0 0
5017361972 0 0 0
5017361972 0 0 0
5017361985 0 0 0
5017361985 0 0 0
5017361985 0 0 0
5017361985 0 0 0
5017361985 0 0 0
5017361985 0 0 0
5017361985 0 0 0
5017361985 0 0 0
5017361985 0 0 0
5017361985 0 0 0
5017361998 0 0 0
5017361998 0 0 0
5017361998 0 0 0
5017361998 0 0 0
5017361998 0 0 0
5017361998 0 0 0
5017361998 0 0 0
5017361998 0 0 0
5017361998 0 0 0
5017361998 0 0 0
5017362011 0 0 0
5017362011 0 0 0
5017362011 0 0 0
5017362011 0 0 0
5017362011 0 0 0
5017362011 0 0 0
5017362011 0 0 0
5017362011 0 0 0
5017362011 0 0 0
5017362011 0 0 0
5017362024 0 0 0
5017362024 0 0 0
5017362024 0 0 0
5017362024 0 0 0
5017362024 0 0 0
5017362024 0 0 0
5017362024 0 0 0
5017362024 0 0 0
5017362024 0 0 0
5017362024 0 0 0
5017362037 0 0 0
5017362037 0 0 0
5017362037 0 0 0
5017362037 0 0 0
5017362037 0 0 0
5017362037 0 0 0
5017362037 0 0 0
5017362037 0 0 0
5017362037 0 0 0
5017362037 0 0 0
5017362050 0 0 0
5017362050 0 0 0
5017362050 0 0 0
5017362050 0 0 0
5017362050 0 0 0
5017362050 0 0 0
5017362050 0 0 0
5017362050 0 0 0
5017362050 0 0 0
5017362050 0 0 0
5017362063 0 0 0
5017362063 0 0 0
5017362063 0 0 0
5017362063 0 0 0
5017362063 0 0 0
5017362063 0 0 0
5017362063 0 0 0
5017362063 0 0 0
5017362063 0 0 0
5017362063 0 0 0
5017362076 0 0 0
5017362076 0 0 0
5017362076 0 0 0
5017362076 0 0 0
5017362076 0 0 0
5017362076 0 0 0
5017362076 0 0 0
5017362076 0 0 0
5017362076 0 0 0
5017362076 0 0 0
5017362089 0 0 0
5017362089 0 0 0
5017362089 0 0 0
5017362089 0 0 0
5017362089 0 0 0
5017362089 0 0 0
5017362089 0 0 0
5017362089 0 0 0
5017362089 0 0 0
5017362089 0 0 0
5017362102 0 0 0
5017362102 0 0 0
5017362102 0 0 0
5017362102 0 0 0
5017362102 0 0 0
5017362102 0 0 0
5017362102 0 0 0
5017362102 0 0 0
5017362102 0 0 0
5017362102 0 0 0
5017362115 0 0 0
5017362115 0 0 0
5017362115 0 0 0
5017362115 0 0 0
5017362115 0 0 0
5017362115 0 0 0
5017362115 0 0 0
5017362115 0 0 0
5017362115 0 0 0
5017362115 0 0 0
5017362128 0 0 0
5017362128 0 0 0
5017362128 0 0 0
5017362128 0 0 0
5017362128 0 0 0
5017362128 0 0 0
5017362128 0 0 0
5017362128 0 0 0
5017362128 0 0 0
5017362128 0 0 0
5017362141 0 0 0
5017362141 0 0 0
5017362141 0 0 0
5017362141 0 0 0
5017362141 0 0 0
5017362141 0 0 0
5017362141 0 0 0
5017362141 0 0 0
5017362141 0 0 0
5017362141 0 0 0
5017362154 0 0 0
5017362154 0 0 0
5017362154 0 0 0
5017362154 0 0 0
5017362154 0 0 0
5017362154 0 0 0
5017362154 0 0 0
5017362154 0 0 0
5017362154 0 0 0
5017362154 0 0 0
5017362167 0 0 0
5017362167 0 0 0
5017362167 0 0 0
5017362167 0 0 0
5017362167 0 0 0
5017362167 0 0 0
5017362167 0 0 0
5017362167 0 0 0
5017362167 0 0 0
5017362167 0 0 0
5017362180 0 0 0
5017362180 0 0 0
5017362180 0 0 0
5017362180 0 0 0
5017362180 0 0 0
5017362180 0 0 0
5017362180 0 0 0
5017362180 0 0 0
5017362180 0 0 0
5017362180 0 0 0
5017362193 0 0 0
5017362193 0 0 0
5017362193 0 0 0
5017362193 0 0 0
5017362193 0 0 0
5017362193 0 0 0
5017362193 0 0 0
5017362193 0 0 0
5017362193 0 0 0
5017362193 0 0 0
5017362206 3010 0 15
5017362206 0 0 0
5017362206 0 0 0
5017362206 2189 0 15
5017362206 0 0 0
5017362206 3246 0 15
5017362206 3246 0 15
5017362206 3246 0 15
5017362206 0 0 0
5017362206 3246 0 15
5017362219 236 0 0
5017362219 3246 0 15
5017362219 3246 0 15
5017362219 1057 0 0
5017362219 3246 0 15
5017362219 0 0 0
5017362219 0 0 0
5017362219 0 0 0
5017362219 3246 0 15
5017362219 0 0 0
5017362232 0 0 0
5017362232 0 0 0
5017362232 0 0 0
5017362232 0 0 0
5017362232 0 0 0
5017362232 0 0 0
5017362232 0 0 0
5017362232 0 0 0
5017362232 0 0 0
5017362232 0 0 0
5017362245 0 0 0
5017362245 0 0 0
5017362245 0 0 0
5017362245 0 0 0
5017362245 0 0 0
5017362245 0 0 0
5017362245 0 0 0
5017362245 0 0 0
5017362245 0 0 0
5017362245 0 0 0
5017362258 0 0 0
5017362258 0 0 0
5017362258 0 0 0
5017362258 0 0 0
5017362258 0 0 0
5017362258 0 0 0
5017362258 0 0 0
5017362258 0 0 0
5017362258 0 0 0
5017362258 0 0 0
5017362271 0 0 0
5017362271 0 0 0
5017362271 0 0 0
5017362271 0 0 0
5017362271 0 0 0
5017362271 0 0 0
5017362271 0 0 0
5017362271 0 0 0
5017362271 0 0 0
5017362271 0 0 0
5017362284 0 0 0
5017362284 0 0 0
5017362284 0 0 0
5017362284 0 0 0
5017362284 0 0 0
5017362284 0 0 0
5017362284 0 0 0
5017362284 0 0 0
5017362284 0 0 0
5017362284 0 0 0
5017362297 0 0 0
5017362297 0 0 0
5017362297 0 0 0
5017362297 0 0 0
5017362297 0 0 0
5017362297 0 0 0
5017362297 0 0 0
5017362297 0 0 0
5017362297 0 0 0
5017362297 0 0 0
5017362310 0 0 0
5017362310 0 0 0
5017362310 0 0 0
5017362310 0 0 0
5017362310 0 0 0
5017362310 0 0 0
5017362310 0 0 0
5017362310 0 0 0
5017362310 0 0 0
5017362310 0 0 0
5017362323 0 0 0
5017362323 0 0 0
5017362323 0 0 0
5017362323 0 0 0
5017362323 0 0 0
5017362323 0 0 0
5017362323 0 0 0
5017362323 0 0 0
5017362323 0 0 0
5017362323 0 0 0
5017362336 0 0 0
5017362336 0 0 0
5017362336 0 0 0
5017362336 0 0 0
5017362336 0 0 0
5017362336 0 0 0
5017362336 0 0 0
5017362336 0 0 0
5017362336 0 0 0
5017362336 0 0 0
5017362349 0 0 0
5017362349 0 0 0
5017362349 0 0 0
5017362349 0 0 0
5017362349 0 0 0
5017362349 0 0 0
5017362349 0 0 0
5017362349 0 0 0
5017362349 0 0 0
5017362349 0 0 0
5017362362 0 0 0
5017362362 0 0 0
5017362362 0 0 0
5017362362 0 0 0
5017362362 0 0 0
5017362362 0 0 0
5017362362 0 0 0
5017362362 0 0 0
5017362362 0 0 0
5017362362 0 0 0
5017362375 0 0 0
5017362375 0 0 0
5017362375 0 0 0
5017362375 0 0 0
5017362375 0 0 0
5017362375 0 0 0
5017362375 0 0 0
5017362375 0 0 0
5017362375 0 0 0
5017362375 0 0 0
5017362388 0 0 0
5017362388 0 0 0
5017362388 0 0 0
5017362388 0 0 0
5017362388 0 0 0
5017362388 0 0 0
5017362388 0 0 0
5017362388 0 0 0
5017362388 0 0 0
5017362388 0 0 0
5017362401 0 0 0
5017362401 0 0 0
5017362401 0 0 0
5017362401 0 0 0
5017362401 0 0 0
5017362401 0 0 0
5017362401 0 0 0
5017362401 0 0 0
5017362401 0 0 0
5017362401 0 0 0
5017362414 0 0 0
5017362414 0 0 0
5017362414 0 0 0
5017362414 0 0 0
5017362414 0 0 0
5017362414 0 0 0
5017362414 0 0 0
5017362414 0 0 0
5017362414 0 0 0
5017362414 0 0 0
5017362427 0 0 0
5017362427 0 0 0
5017362427 0 0 0
5017362427 0 0 0
5017362427 0 0 0
5017362427 0 0 0
5017362427 0 0 0
5017362427 0 0 0
5017362427 0 0 0
5017362427 0 0 0
5017362440 0 0 0
5017362440 0 0 0
5017362440 0 0 0
5017362440 0 0 0
5017362440 0 0 0
5017362440 0 0 0
5017362440 0 0 0
5017362440 0 0 0
5017362440 0 0 0
5017362440 0 0 0
5017362453 0 0 0
5017362453 0 0 0
5017362453 0 0 0
5017362453 0 0 0
5017362453 0 0 0
5017362453 2037 0 15
5017362453 3121 0 15
5017362453 3121 0 15
5017362453 0 0 0
5017362453 3121 0 15
5017362466 3121 0 7
5017362466 3058 0 15
5017362466 3121 0 7
5017362466 3121 0 15
5017362466 3121 0 7
5017362466 1084 0 0
5017362466 0 0 0
5017362466 0 0 0
5017362466 3121 0 15
5017362466 0 0 0
5017362479 0 0 0
5017362479 63 0 0
5017362479 0 0 0
5017362479 0 0 0
5017362479 0 0 0
5017362479 0 0 0
5017362479 0 0 0
5017362479 0 0 0
5017362479 0 0 0
5017362479 0 0 0
5017362492 0 0 0
5017362492 0 0 0
5017362492 0 0 0
5017362492 0 0 0
5017362492 0 0 0
5017362492 0 0 0
5017362492 0 0 0
5017362492 0 0 0
5017362492 0 0 0
5017362492 0 0 0
5017362505 0 0 0
5017362505 0 0 0
5017362505 0 0 0
5017362505 0 0 0
5017362505 0 0 0
5017362505 0 0 0
5017362505 0 0 0
5017362505 0 0 0
5017362505 0 0 0
5017362505 0 0 0
5017362518 0 0 0
5017362518 0 0 0
5017362518 0 0 0
5017362518 0 0 0
5017362518 0 0 0
5017362518 0 0 0
5017362518 0 0 0
5017362518 0 0 0
5017362518 0 0 0
5017362518 0 0 0
5017362531 0 0 0
5017362531 0 0 0
5017362531 0 0 0
5017362531 0 0 0
5017362531 0 0 0
5017362531 0 0 0
5017362531 0 0 0
5017362531 0 0 0
5017362531 0 0 0
5017362531 0 0 0
5017362544 0 0 0
5017362544 0 0 0
5017362544 0 0 0
5017362544 0 0 0
5017362544 0 0 0
5017362544 0 0 0
5017362544 0 0 0
5017362544 0 0 0
5017362544 0 0 0
5017362544 0 0 0
5017362557 0 0 0
5017362557 0 0 0
5017362557 0 0 0
5017362557 0 0 0
5017362557 0 0 0
5017362557 0 0 0
5017362557 0 0 0
5017362557 0 0 0
5017362557 0 0 0
5017362557 0 0 0
5017362570 0 0 0
5017362570 0 0 0
5017362570 0 0 0
5017362570 0 0 0
5017362570 0 0 0
5017362570 0 0 0
5017362570 0 0 0
5017362570 0 0 0
5017362570 0 0 0
5017362570 0 0 0
5017362583 0 0 0
5017362583 0 0 0
5017362583 0 0 0
5017362583 0 0 0
5017362583 0 0 0
5017362583 0 0 0
5017362583 0 0 0
5017362583 0 0 0
5017362583 0 0 0
5017362583 0 0 0
5017362596 0 0 0
5017362596 0 0 0
5017362596 0 0 0
5017362596 0 0 0
5017362596 0 0 0
5017362596 0 0 0
5017362596 0 0 0
5017362596 0 0 0
5017362596 0 0 0
5017362596 0 0 0
5017362609 0 0 0
5017362609 0 0 0
5017362609 0 0 0
5017362609 0 0 0
5017362609 0 0 0
5017362609 0 0 0
5017362609 0 0 0
5017362609 0 0 0
5017362609 0 0 0
5017362609 0 0 0
5017362622 0 0 0
5017362622 0 0 0
5017362622 0 0 0
5017362622 0 0 0
5017362622 0 0 0
5017362622 0 0 0
5017362622 0 0 0
5017362622 0 0 0
5017362622 0 0 0
5017362622 0 0 0
5017362635 0 0 0
5017362635 0 0 0
5017362635 0 0 0
5017362635 0 0 0
5017362635 0 0 0
5017362635 0 0 0
5017362635 0 0 0
5017362635 0 0 0
5017362635 0 0 0
5017362635 0 0 0
5017362648 0 0 0
5017362648 0 0 0
5017362648 0 0 0
5017362648 0 0 0
5017362648 0 0 0
5017362648 0 0 0
5017362648 0 0 0
5017362648 0 0 0
5017362648 0 0 0
5017362648 0 0 0
5017362661 0 0 0
5017362661 0 0 0
5017362661 0 0 0
5017362661 0 0 0
5017362661 0 0 0
5017362661 0 0 0
5017362661 0 0 0
5017362661 0 0 0
5017362661 0 0 0
5017362661 0 0 0
5017362674 0 0 0
5017362674 0 0 0
5017362674 0 0 0
5017362674 0 0 0
5017362674 0 0 0
5017362674 0 0 0
5017362674 0 0 0
5017362674 0 0 0
5017362674 0 0 0
5017362674 0 0 0
5017362687 0 0 0
5017362687 0 0 0
5017362687 0 0 0
5017362687 0 0 0
5017362687 0 0 0
5017362687 0 0 0
5017362687 0 0 0
5017362687 0 0 0
5017362687 0 0 0
5017362687 0 0 0
5017362700 0 0 0
5017362700 0 0 0
5017362700 0 0 0
5017362700 0 0 0
5017362700 0 0 0
5017362700 0 0 0
5017362700 2855 0 7
5017362700 0 0 0
5017362700 0 0 0
5017362700 1487 0 7
5017362713 2855 0 15
5017362713 0 0 0
5017362713 0 0 0
5017362713 2855 0 15
5017362713 869 0 15
5017362713 2855 0 15
5017362713 0 0 0
5017362713 2855 0 15
5017362713 2116 0 7
5017362713 1368 0 0
5017362726 0 0 0
5017362726 0 0 0
5017362726 2145 0 15
5017362726 0 0 0
5017362726 1426 0 38
5017362726 0 0 0
5017362726 0 0 0
5017362726 0 0 0
5017362726 739 1 0
5017362726 0 0 0
5017362739 0 0 0
5017362739 286 2 0
5017362739 710 1 0
5017362739 0 0 0
5017362739 560 2 0
5017362739 0 0 0
5017362739 0 0 0
5017362739 0 0 0
5017362739 0 0 0
5017362739 0 0 0
5017362752 0 0 0
5017362752 183 1 0
5017362752 0 0 0
5017362752 0 0 0
5017362752 0 0 0
5017362752 0 0 0
5017362752 0 0 0
5017362752 0 0 0
5017362752 0 0 0
5017362752 0 0 0
5017362765 0 0 0
5017362765 0 0 0
5017362765 0 0 0
5017362765 0 0 0
5017362765 0 0 0
5017362765 0 0 0
5017362765 0 0 0
5017362765 0 0 0
5017362765 0 0 0
5017362765 0 0 0
5017362778 0 0 0
5017362778 2426 47 15
5017362778 0 0 0
5017362778 0 0 0
5017362778 0 0 0
5017362778 0 0 0
5017362778 0 0 0
5017362778 0 0 0
5017362778 0 0 0
5017362778 0 0 0
5017362791 0 0 0
5017362791 0 0 0
5017362791 0 0 0
5017362791 0 0 0
5017362791 0 0 0
5017362791 0 0 0
5017362791 0 0 0
5017362791 0 0 0
5017362791 0 0 0
5017362791 0 0 0
5017362804 0 0 0
5017362804 0 0 0
5017362804 0 0 0
5017362804 0 0 0
5017362804 0 0 0
5017362804 0 0 0
5017362804 0 0 0
5017362804 0 0 0
5017362804 0 0 0
5017362804 0 0 0
5017362817 0 0 0
5017362817 0 0 0
5017362817 0 0 0
5017362817 0 0 0
5017362817 0 0 0
5017362817 0 0 0
5017362817 0 0 0
5017362817 0 0 0
5017362817 0 0 0
5017362817 0 0 0
5017362830 0 0 0
5017362830 0 0 0
5017362830 0 0 0
5017362830 0 0 0
5017362830 0 0 0
5017362830 0 0 0
5017362830 0 0 0
5017362830 0 0 0
5017362830 0 0 0
5017362830 0 0 0
5017362843 0 0 0
5017362843 0 0 0
5017362843 0 0 0
5017362843 0 0 0
5017362843 0 0 0
5017362843 0 0 0
5017362843 0 0 0
5017362843 0 0 0
5017362843 0 0 0
5017362843 0 0 0
5017362856 0 0 0
5017362856 0 0 0
5017362856 0 0 0
5017362856 0 0 0
5017362856 0 0 0
5017362856 0 0 0
5017362856 0 0 0
5017362856 0 0 0
5017362856 0 0 0
5017362856 0 0 0
5017362869 0 0 0
5017362869 0 0 0
5017362869 0 0 0
5017362869 0 0 0
5017362869 0 0 0
5017362869 0 0 0
5017362869 0 0 0
5017362869 0 0 0
5017362869 0 0 0
5017362869 0 0 0
5017362882 0 0 0
5017362882 0 0 0
5017362882 0 0 0
5017362882 0 0 0
5017362882 0 0 0
5017362882 0 0 0
5017362882 0 0 0
5017362882 0 0 0
5017362882 0 0 0
5017362882 0 0 0
5017362895 0 0 0
5017362895 0 0 0
5017362895 0 0 0
5017362895 0 0 0
5017362895 0 0 0
5017362895 0 0 0
5017362895 0 0 0
5017362895 0 0 0
5017362895 0 0 0
5017362895 0 0 0
5017362908 0 0 0
5017362908 0 0 0
5017362908 0 0 0
5017362908 0 0 0
5017362908 0 0 0
5017362908 0 0 0
5017362908 0 0 0
5017362908 0 0 0
5017362908 0 0 0
5017362908 0 0 0
5017362921 0 0 0
5017362921 0 0 0
5017362921 0 0 0
5017362921 0 0 0
5017362921 0 0 0
5017362921 0 0 0
5017362921 0 0 0
5017362921 0 0 0
5017362921 0 0 0
5017362921 0 0 0
5017362934 0 0 0
5017362934 0 0 0
5017362934 0 0 0
5017362934 0 0 0
5017362934 0 0 0
5017362934 0 0 0
5017362934 0 0 0
5017362934 0 0 0
5017362934 0 0 0
5017362934 0 0 0
5017362947 0 0 0
5017362947 0 0 0
5017362947 0 0 0
5017362947 0 0 0
5017362947 0 0 0
5017362947 0 0 0
5017362947 0 0 0
5017362947 0 0 0
5017362947 0 0 0
5017362947 0 0 0
5017362960 32 0 0
5017362960 0 0 0
5017362960 0 0 0
5017362960 0 0 0
5017362960 0 0 0
5017362960 335 4 7
5017362960 2160 28 15
5017362960 250 8 0
5017362960 0 0 0
5017362960 1631 42 38
5017362973 147 3 0
5017362973 0 0 0
5017362973 0 0 0
5017362973 211 1 0
5017362973 0 0 0
5017362973 563 17 7
5017362973 318 9 7
5017362973 464 20 7
5017362973 0 0 0
5017362973 479 13 7
5017362986 733 16 15
5017362986 0 0 0
5017362986 31 0 0
5017362986 680 18 0
5017362986 85 0 0
5017362986 262 17 7
5017362986 137 7 0
5017362986 355 11 0
5017362986 540 16 0
5017362986 406 12 15
5017362999 749 29 15
5017362999 0 0 0
5017362999 205 4 0
5017362999 644 33 0
5017362999 363 10 0
5017362999 382 22 7
5017362999 0 0 0
5017362999 629 43 7
5017362999 802 29 15
5017362999 101 8 0
5017363012 325 14 0
5017363012 0 0 0
5017363012 764 22 7
5017363012 343 15 7
5017363012 438 15 7
5017363012 314 15 0
5017363012 0 0 0
5017363012 195 14 0
5017363012 331 15 7
5017363012 0 0 0
5017363025 459 37 15
5017363025 194 7 7
5017363025 262 17 15
5017363025 282 30 0
5017363025 322 18 7
5017363025 285 14 7
5017363025 0 0 0
5017363025 270 24 0
5017363025 279 23 0
5017363025 0 0 0
5017363039 182 19 0
5017363039 546 39 7
5017363039 631 43 28
5017363039 456 40 7
5017363039 775 46 0
5017363039 477 37 0
5017363039 0 0 0
5017363039 453 38 21
5017363039 655 43 21
5017363039 0 0 0
5017363051 0 0 0
5017363051 1522 152 16
5017363051 717 70 8
5017363051 0 0 0
5017363051 633 47 0
5017363051 0 0 0
5017363051 0 0 0
5017363051 0 0 0
5017363051 0 0 0
5017363051 0 0 0
5017363064 0 0 0
5017363064 348 31 7
5017363064 0 0 0
5017363064 0 0 0
5017363064 0 0 0
5017363064 0 0 0
5017363064 0 0 0
5017363064 0 0 0
5017363064 0 0 0
5017363064 0 0 0
5017363077 0 0 0
5017363077 0 0 0
5017363077 0 0 0
5017363077 0 0 0
5017363077 0 0 0
5017363077 0 0 0
5017363077 0 0 0
5017363077 0 0 0
5017363077 0 0 0
5017363077 0 0 0
5017363090 0 0 0
5017363090 0 0 0
5017363090 0 0 0
5017363090 0 0 0
5017363090 0 0 0
5017363090 0 0 0
5017363090 0 0 0
5017363090 0 0 0
5017363090 0 0 0
5017363090 0 0 0
5017363103 0 0 0
5017363103 0 0 0
5017363103 0 0 0
5017363103 0 0 0
5017363103 0 0 0
5017363103 0 0 0
5017363103 0 0 0
5017363103 0 0 0
5017363103 0 0 0
5017363103 0 0 0
5017363116 0 0 0
5017363116 0 0 0
5017363116 0 0 0
5017363116 0 0 0
5017363116 0 0 0
5017363116 0 0 0
5017363116 0 0 0
5017363116 0 0 0
5017363116 0 0 0
5017363116 0 0 0
5017363129 0 0 0
5017363129 0 0 0
5017363129 0 0 0
5017363129 0 0 0
5017363129 0 0 0
5017363129 0 0 0
5017363129 0 0 0
5017363129 0 0 0
5017363129 0 0 0
5017363129 0 0 0
5017363142 0 0 0
5017363142 0 0 0
5017363142 0 0 0
5017363142 0 0 0
5017363142 0 0 0
5017363142 0 0 0
5017363142 0 0 0
5017363142 0 0 0
5017363142 0 0 0
5017363142 0 0 0
5017363155 0 0 0
5017363155 0 0 0
5017363155 0 0 0
5017363155 0 0 0
5017363155 0 0 0
5017363155 0 0 0
5017363155 0 0 0
5017363155 0 0 0
5017363155 0 0 0
5017363155 0 0 0
5017363168 0 0 0
5017363168 0 0 0
5017363168 0 0 0
5017363168 0 0 0
5017363168 0 0 0
5017363168 0 0 0
5017363168 0 0 0
5017363168 0 0 0
5017363168 0 0 0
5017363168 0 0 0
5017363181 0 0 0
5017363181 0 0 0
5017363181 0 0 0
5017363181 0 0 0
5017363181 0 0 0
5017363181 0 0 0
5017363181 0 0 0
5017363181 0 0 0
5017363181 0 0 0
5017363181 0 0 0
5017363194 0 0 0
5017363194 0 0 0
5017363194 0 0 0
5017363194 0 0 0
5017363194 0 0 0
5017363194 0 0 0
5017363194 0 0 0
5017363194 0 0 0
5017363194 0 0 0
5017363194 0 0 0
5017363207 0 0 0
5017363207 0 0 0
5017363207 0 0 0
5017363207 0 0 0
5017363207 0 0 0
5017363207 0 0 0
5017363207 0 0 0
5017363207 0 0 0
5017363207 0 0 0
5017363207 0 0 0
5017363220 0 0 0
5017363220 0 0 0
5017363220 0 0 0
5017363220 0 0 0
5017363220 0 0 0
5017363220 0 0 0
5017363220 0 0 0
5017363220 0 0 0
5017363220 0 0 0
5017363220 0 0 0
5017363233 0 0 0
5017363233 0 0 0
5017363233 0 0 0
5017363233 0 0 0
5017363233 0 0 0
5017363233 0 0 0
5017363233 1280 118 23
5017363233 0 0 0
5017363233 0 0 0
5017363233 0 0 0
5017363246 0 0 0
5017363246 0 0 0
5017363246 0 0 0
5017363246 0 0 0
5017363246 0 0 0
5017363246 0 0 0
5017363246 1113 114 7
5017363246 0 0 0
5017363246 0 0 0
5017363246 836 111 7
5017363259 0 0 0
5017363259 0 0 0
5017363259 0 0 0
5017363259 0 0 0
5017363259 0 0 0
5017363259 0 0 0
5017363259 0 0 0
5017363259 0 0 0
5017363259 0 0 0
5017363259 1490 115 23
5017363272 0 0 0
5017363272 0 0 0
5017363272 0 0 0
5017363272 0 0 0
5017363272 0 0 0
5017363272 0 0 0
5017363272 0 0 0
5017363272 0 0 0
5017363272 0 0 0
5017363272 86 7 0
5017363285 114 14 0
5017363285 0 0 0
5017363285 0 0 0
5017363285 0 0 0
5017363285 0 0 0
5017363285 0 0 0
5017363285 0 0 0
5017363285 0 0 0
5017363285 0 0 0
5017363285 0 0 0
5017363298 1183 133 0
5017363298 0 0 0
5017363298 0 0 0
5017363298 409 51 7
5017363298 117 10 0
5017363298 716 74 0
5017363298 0 0 0
5017363298 484 70 7
5017363298 525 55 15
5017363298 0 0 0
5017363311 323 29 0
5017363311 133 18 0
5017363311 282 33 7
5017363311 285 27 0
5017363311 228 33 7
5017363311 255 35 7
5017363311 0 0 0
5017363311 317 40 0
5017363311 262 28 0
5017363311 0 0 0
5017363325 247 28 7
5017363325 119 21 0
5017363325 0 1 0
5017363325 0 1 0
5017363325 275 38 0
5017363325 108 20 0
5017363325 0 0 0
5017363325 0 1 0
5017363325 0 1 0
5017363325 0 0 0
5017363339 533 63 7
5017363339 756 101 7
5017363339 302 46 0
5017363339 250 38 0
5017363339 770 95 21
5017363339 455 47 0
5017363339 0 0 0
5017363339 0 0 7
5017363339 389 44 0
5017363339 0 0 0
5017363352 0 0 0
5017363352 1136 138 7
5017363352 127 25 7
5017363352 0 0 0
5017363352 1035 105 7
5017363352 874 111 7
5017363352 0 0 0
5017363352 0 0 0
5017363352 0 0 0
5017363352 0 0 0
5017363365 0 0 0
5017363365 276 34 0
5017363365 288 50 0
5017363365 369 47 7
5017363365 0 0 0
5017363365 0 0 0
5017363365 0 0 0
5017363365 244 43 0
5017363365 474 44 0
5017363365 0 0 0
5017363378 0 0 0
5017363378 0 0 0
5017363378 685 104 23
5017363378 737 105 15
5017363378 0 0 0
5017363378 0 0 0
5017363378 0 0 0
5017363378 464 88 7
5017363378 677 106 7
5017363378 0 0 0
5017363392 0 0 0
5017363392 0 0 0
5017363392 712 142 14
5017363392 96 13 7
5017363392 0 0 0
5017363392 0 0 0
5017363392 0 0 0
5017363392 895 168 7
5017363392 97 17 0
5017363392 0 0 0
5017363404 0 0 0
5017363404 0 0 0
5017363404 0 0 0
5017363404 265 44 0
5017363404 0 0 0
5017363404 0 0 0
5017363404 0 0 0
5017363404 0 0 0
5017363404 0 0 0
5017363404 0 0 0
5017363417 0 0 0
5017363417 0 0 0
5017363417 0 0 0
5017363417 0 0 0
5017363417 0 0 0
5017363417 0 0 0
5017363417 0 0 0
5017363417 0 0 0
5017363417 0 0 0
5017363417 0 0 0
5017363430 0 0 0
5017363430 0 0 0
5017363430 0 0 0
5017363430 0 0 0
5017363430 0 0 0
5017363430 0 0 0
5017363430 0 0 0
5017363430 0 0 0
5017363430 0 0 0
5017363430 0 0 0
5017363443 0 0 0
5017363443 0 0 0
5017363443 0 0 0
5017363443 0 0 0
5017363443 0 0 0
5017363443 0 0 0
5017363443 0 0 0
5017363443 0 0 0
5017363443 0 0 0
5017363443 0 0 0
5017363456 0 0 0
5017363456 0 0 0
5017363456 0 0 0
5017363456 0 0 0
5017363456 0 0 0
5017363456 0 0 0
5017363456 0 0 0
5017363456 0 0 0
5017363456 0 0 0
5017363456 0 0 0
5017363469 0 0 0
5017363469 0 0 0
5017363469 0 0 0
5017363469 0 0 0
5017363469 0 0 0
5017363469 0 0 0
5017363469 0 0 0
5017363469 0 0 0
5017363469 0 0 0
5017363469 0 0 0
5017363482 0 0 0
5017363482 0 0 0
5017363482 0 0 0
5017363482 0 0 0
5017363482 0 0 0
5017363482 0 0 0
5017363482 0 0 0
5017363482 0 0 0
5017363482 0 0 0
5017363482 0 0 0
5017363495 0 0 0
5017363495 0 0 0
5017363495 0 0 0
5017363495 0 0 0
5017363495 0 0 0
5017363495 0 0 0
5017363495 868 149 7
5017363495 0 0 0
5017363495 0 0 0
5017363495 0 0 0
5017363508 0 0 0
5017363508 0 0 0
5017363508 0 0 0
5017363508 0 0 0
5017363508 0 0 0
5017363508 0 0 0
5017363508 1401 239 7
5017363508 0 0 0
5017363508 0 0 0
5017363508 0 0 0
5017363521 0 0 0
5017363521 0 0 0
5017363521 0 0 0
5017363521 0 0 0
5017363521 0 0 0
5017363521 0 0 0
5017363521 0 0 0
5017363521 0 0 0
5017363521 0 0 0
5017363521 906 155 15
5017363534 0 0 0
5017363534 0 0 0
5017363534 0 0 0
5017363534 0 0 0
5017363534 0 0 0
5017363534 0 0 0
5017363534 0 0 0
5017363534 0 0 0
5017363534 0 0 0
5017363534 614 135 0
5017363547 0 0 0
5017363547 0 0 0
5017363547 0 0 0
5017363547 0 0 0
5017363547 0 0 0
5017363547 0 0 0
5017363547 0 0 0
5017363547 0 0 0
5017363547 0 0 0
5017363547 746 136 7
5017363560 0 0 0
5017363560 0 0 0
5017363560 0 0 0
5017363560 0 0 0
5017363560 0 0 0
5017363560 0 0 0
5017363560 0 0 0
5017363560 0 0 0
5017363560 0 0 0
5017363560 0 0 0
5017363573 0 0 0
5017363573 0 0 0
5017363573 0 0 0
5017363573 0 0 0
5017363573 0 0 0
5017363573 0 0 0
5017363573 0 0 0
5017363573 0 0 0
5017363573 0 0 0
5017363573 0 0 0
5017363586 0 0 0
5017363586 0 0 0
5017363586 0 0 0
5017363586 0 0 0
5017363586 0 0 0
5017363586 0 0 0
5017363586 0 0 0
5017363586 0 0 0
5017363586 0 0 0
5017363586 0 0 0
5017363600 1232 197 28
5017363600 0 0 0
5017363600 0 0 0
5017363600 0 0 0
5017363600 0 0 0
5017363600 0 0 0
5017363600 0 0 0
5017363600 0 0 0
5017363600 0 0 0
5017363600 0 0 0
5017363613 635 117 15
5017363613 300 46 7
5017363613 0 0 0
5017363613 0 0 0
5017363613 760 133 15
5017363613 641 121 7
5017363613 0 0 0
5017363613 0 0 0
5017363613 0 0 0
5017363613 0 0 0
5017363626 398 59 0
5017363626 662 110 23
5017363626 0 0 0
5017363626 0 0 0
5017363626 679 103 23
5017363626 631 108 15
5017363626 0 0 0
5017363626 0 0 0
5017363626 0 0 0
5017363626 0 0 0
5017363640 0 0 0
5017363640 658 131 21
5017363640 0 0 0
5017363640 0 0 0
5017363640 570 113 14
5017363640 300 63 7
5017363640 0 0 0
5017363640 0 0 0
5017363640 147 31 7
5017363640 0 0 0
5017363653 0 0 0
5017363653 282 54 7
5017363653 64 13 0
5017363653 87 18 0
5017363653 223 50 0
5017363653 0 0 0
5017363653 0 0 0
5017363653 68 22 0
5017363653 0 0 0
5017363653 0 0 0
5017363666 0 0 0
5017363666 44 6 0
5017363666 0 0 0
5017363666 57 8 0
5017363666 43 7 0
5017363666 602 111 7
5017363666 0 0 0
5017363666 0 0 0
5017363666 0 0 0
5017363666 0 0 0
5017363679 0 0 0
5017363679 320 46 0
5017363679 330 76 7
5017363679 576 143 15
5017363679 0 0 0
5017363679 101 24 0
5017363679 0 0 0
5017363679 282 61 0
5017363679 274 62 7
5017363679 0 0 0
5017363693 0 0 0
5017363693 0 0 0
5017363693 754 181 7
5017363693 423 101 14
5017363693 0 0 0
5017363693 0 0 0
5017363693 0 0 0
5017363693 672 143 14
5017363693 531 103 0
5017363693 0 0 0
5017363707 0 0 0
5017363707 0 0 0
5017363707 203 51 7
5017363707 227 62 7
5017363707 0 0 0
5017363707 0 0 0
5017363707 0 0 0
5017363707 350 87 14
5017363707 330 85 14
5017363707 0 0 0
5017363721 0 0 0
5017363721 0 0 0
5017363721 223 61 0
5017363721 576 133 7
5017363721 0 0 0
5017363721 0 0 0
5017363721 0 0 0
5017363721 401 122 7
5017363721 515 129 21
5017363721 0 0 0
5017363733 0 0 0
5017363733 0 0 0
5017363733 129 29 8
5017363733 330 58 0
5017363733 0 0 0
5017363733 0 0 0
5017363733 0 0 0
5017363733 102 29 0
5017363733 183 29 8
5017363733 0 0 0
5017363747 0 0 0
5017363747 0 0 0
5017363747 575 126 0
5017363747 0 0 0
5017363747 0 0 0
5017363747 0 0 0
5017363747 0 0 0
5017363747 406 104 0
5017363747 295 64 0
5017363747 0 0 0
5017363760 0 0 0
5017363760 0 0 0
5017363760 0 0 0
5017363760 0 0 0
5017363760 0 0 0
5017363760 0 0 0
5017363760 12 37 23
5017363760 0 0 0
5017363760 0 0 0
5017363760 0 0 0
5017363773 0 0 0
5017363773 0 0 0
5017363773 0 0 0
5017363773 0 0 0
5017363773 0 0 0
5017363773 0 0 0
5017363773 19 40 30
5017363773 0 0 0
5017363773 0 0 0
5017363773 0 0 0
5017363786 0 0 0
5017363786 0 0 0
5017363786 0 0 0
5017363786 0 0 0
5017363786 0 0 0
5017363786 0 0 0
5017363786 0 0 0
5017363786 0 0 0
5017363786 0 0 0
5017363799 0 0 0
5017363799 0 0 0
5017363799 0 0 0
5017363799 0 0 0
5017363799 0 0 0
5017363799 0 0 0
5017363799 0 0 0
5017363799 0 0 0
5017363799 28 30 46
5017363812 0 0 0
5017363812 0 0 0
5017363812 0 0 0
5017363812 0 0 0
5017363812 0 0 0
5017363812 0 0 0
5017363812 0 0 0
5017363812 0 0 0
5017363825 0 0 0
5017363825 0 0 0
5017363825 0 0 0
5017363825 0 0 0
5017363825 0 0 0
5017363825 0 0 0
5017363825 0 0 0
5017363825 0 0 0
5017363838 0 0 0
5017363838 0 0 0
5017363838 0 0 0
5017363838 0 0 0
5017363838 0 0 0
5017363838 0 0 0
5017363838 0 0 0
5017363838 0 0 0
5017363851 0 0 0
5017363851 0 0 0
5017363851 0 0 0
5017363851 0 0 0
5017363851 0 0 0
5017363851 0 0 0
5017363851 0 0 0
5017363851 0 0 0
5017363864 0 0 0
5017363864 0 0 0
5017363864 0 0 0
5017363864 0 0 0
5017363864 0 0 0
5017363864 0 0 0
5017363864 0 0 0
5017363864 0 0 0
5017363877 57 23 61
5017363877 0 0 0
5017363877 0 0 0
5017363877 0 0 0
5017363877 0 0 0
5017363877 0 0 0
5017363877 0 0 0
5017363877 0 0 0
5017363890 0 0 0
5017363890 0 0 0
5017363890 0 0 0
5017363890 0 0 0
5017363890 0 0 0
5017363890 0 0 0
5017363890 0 0 0
5017363903 0 0 0
5017363903 0 0 0
5017363903 0 0 0
5017363903 0 0 0
5017363903 0 0 0
5017363903 0 0 0
5017363903 0 0 0
5017363916 0 0 0
5017363916 0 0 0
5017363916 0 0 0
5017363916 10 17 23
5017363916 0 0 0
5017363916 0 0 0
5017363916 0 0 0
5017363929 10 18 7
5017363929 0 0 0
5017363929 0 0 0
5017363929 20 21 15
5017363929 0 0 0
5017363929 0 0 0
5017363942 43 28 69
5017363942 0 0 0
5017363942 0 0 0
5017363942 0 0 0
5017363942 0 0 0
5017363955 0 0 0
5017363955 0 0 0
5017363955 0 0 0
5017363955 0 0 0
5017363968 0 0 0
5017363968 0 0 0
5017363968 0 0 0
5017363968 0 0 0
5017363981 0 0 0
5017363981 52 28 38
5017363981 0 0 0
5017363981 0 0 0
5017363994 0 0 0
5017363994 0 0 0
5017363994 26 12 7
5017364007 34 11 38
5017364007 17 15 23
5017364020 21 30 53
5017364020 19 13 38
read 4057 profiled data
