5014896054 9433 0 0
5014896067 0 0 0
5014896080 0 0 0
5014896093 0 0 0
5014896106 0 0 0
5014896119 0 0 0
5014896132 0 0 0
5014896145 0 0 0
5014896158 0 0 0
5014896171 0 0 0
5014896184 0 0 0
5014896197 0 0 0
5014896210 0 0 0
5014896223 0 0 0
5014896236 0 0 0
5014896249 0 0 0
5014896262 0 0 0
5014896275 0 0 0
5014896288 0 0 0
5014896301 7425 0 30
5014896314 0 0 0
5014896327 0 0 0
5014896340 0 0 0
5014896353 0 0 0
5014896366 0 0 0
5014896379 0 0 0
5014896392 0 0 0
5014896405 0 0 0
5014896418 0 0 0
5014896431 0 0 0
5014896444 0 0 0
5014896457 0 0 0
5014896470 0 0 0
5014896483 0 0 0
5014896496 0 0 0
5014896509 0 0 0
5014896522 0 0 0
5014896535 0 0 0
5014896548 0 0 0
5014896561 6047 0 15
5014896574 0 0 0
5014896587 0 0 0
5014896600 0 0 0
5014896613 0 0 0
5014896626 0 0 0
5014896639 0 0 0
5014896652 0 0 0
5014896665 0 0 0
5014896678 0 0 0
5014896691 0 0 0
5014896704 0 0 0
5014896717 0 0 0
5014896730 0 0 0
5014896743 0 0 0
5014896756 0 0 0
5014896769 0 0 0
5014896782 0 0 0
5014896795 0 0 0
5014896808 5055 0 23
5014896821 0 0 0
5014896834 0 0 0
5014896847 0 0 0
5014896860 0 0 0
5014896873 0 0 0
5014896886 0 0 0
5014896899 0 0 0
5014896912 0 0 0
5014896925 0 0 0
5014896938 0 0 0
5014896951 0 0 0
5014896964 0 0 0
5014896977 0 0 0
5014896990 0 0 0
5014897003 0 0 0
5014897016 0 0 0
5014897029 0 0 0
5014897042 0 0 0
5014897056 4100 0 7
5014897068 0 0 0
5014897081 0 0 0
5014897094 0 0 0
5014897107 0 0 0
5014897120 0 0 0
5014897133 0 0 0
5014897146 0 0 0
5014897159 0 0 0
5014897172 0 0 0
5014897185 0 0 0
5014897198 0 0 0
5014897211 0 0 0
5014897224 0 0 0
5014897237 0 0 0
5014897250 0 0 0
5014897263 0 0 0
5014897276 0 0 0
5014897289 0 0 0
5014897302 0 0 0
5014897315 3438 0 7
5014897328 0 0 0
5014897341 0 0 0
5014897354 0 0 0
5014897367 0 0 0
5014897380 0 0 0
5014897393 0 0 0
5014897406 0 0 0
5014897419 0 0 0
5014897432 0 0 0
5014897445 0 0 0
5014897458 0 0 0
5014897471 0 0 0
5014897484 0 0 0
5014897497 0 0 0
5014897510 0 0 0
5014897523 0 0 0
5014897536 0 0 0
5014897549 0 0 0
5014897562 2807 0 7
5014897575 0 0 0
5014897588 0 0 0
5014897601 0 0 0
5014897614 0 0 0
5014897627 0 0 0
5014897640 0 0 0
5014897653 0 0 0
5014897666 0 0 0
5014897679 0 0 0
5014897692 0 0 0
5014897705 0 0 0
5014897718 0 0 0
5014897731 0 0 0
5014897744 0 0 0
5014897757 0 0 0
5014897770 0 0 0
5014897783 0 0 0
5014897796 0 0 0
5014897810 2315 0 14
5014897822 0 0 0
5014897835 0 0 0
5014897848 0 0 0
5014897861 0 0 0
5014897874 0 0 0
5014897887 0 0 0
5014897900 0 0 0
5014897913 0 0 0
5014897926 0 0 0
5014897939 0 0 0
5014897952 0 0 0
5014897965 0 0 0
5014897978 0 0 0
5014897991 0 0 0
5014898004 0 0 0
5014898017 0 0 0
5014898030 0 0 0
5014898043 0 0 0
5014898056 0 0 0
5014898069 1874 0 7
5014898082 0 0 0
5014898095 0 0 0
5014898108 0 0 0
5014898121 0 0 0
5014898134 0 0 0
5014898147 0 0 0
5014898160 0 0 0
5014898173 0 0 0
5014898186 0 0 0
5014898199 0 0 0
5014898212 0 0 0
5014898225 0 0 0
5014898238 0 0 0
5014898251 0 0 0
5014898264 0 0 0
5014898277 0 0 0
5014898290 0 0 0
5014898303 0 0 0
5014898316 1602 0 7
5014898329 0 0 0
5014898342 0 0 0
5014898355 0 0 0
5014898368 0 0 0
5014898381 0 0 0
5014898394 0 0 0
5014898407 0 0 0
5014898420 0 0 0
5014898433 0 0 0
5014898446 0 0 0
5014898459 0 0 0
5014898472 0 0 0
5014898485 0 0 0
5014898498 0 0 0
5014898511 0 0 0
5014898524 0 0 0
5014898537 0 0 0
5014898550 0 0 0
5014898563 1252 0 0
5014898576 0 0 0
5014898589 0 0 0
5014898602 0 0 0
5014898615 0 0 0
5014898628 0 0 0
5014898641 0 0 0
5014898654 0 0 0
5014898667 0 0 0
5014898680 0 0 0
5014898693 0 0 0
5014898706 0 0 0
5014898719 0 0 0
5014898732 0 0 0
5014898745 0 0 0
5014898758 0 0 0
5014898771 0 0 0
5014898784 0 0 0
5014898797 0 0 0
5014898810 0 0 0
5014898823 982 0 7
5014898836 0 0 0
5014898849 0 0 0
5014898862 0 0 0
5014898875 0 0 0
5014898888 0 0 0
5014898901 0 0 0
5014898914 0 0 0
5014898927 0 0 0
5014898940 0 0 0
5014898953 0 0 0
5014898966 0 0 0
5014898979 0 0 0
5014898992 0 0 0
5014899005 0 0 0
5014899018 0 0 0
5014899031 0 0 0
5014899044 0 0 0
5014899057 0 0 0
5014899070 897 0 7
5014899083 0 0 0
5014899096 0 0 0
5014899109 0 0 0
5014899122 0 0 0
5014899135 0 0 0
5014899148 0 0 0
5014899161 0 0 0
5014899174 0 0 0
5014899187 0 0 0
5014899200 0 0 0
5014899213 0 0 0
5014899226 0 0 0
5014899239 0 0 0
5014899252 0 0 0
5014899265 0 0 0
5014899278 0 0 0
5014899291 0 0 0
5014899304 0 0 0
5014899317 721 0 0
5014899330 0 0 0
5014899343 0 0 0
5014899356 0 0 0
5014899369 0 0 0
5014899382 0 0 0
5014899395 0 0 0
5014899408 0 0 0
5014899421 0 0 0
5014899434 0 0 0
5014899447 0 0 0
5014899460 0 0 0
5014899473 0 0 0
5014899486 0 0 0
5014899499 0 0 0
5014899512 0 0 0
5014899525 0 0 0
5014899538 0 0 0
5014899551 0 0 0
5014899564 0 0 0
5014899577 621 0 7
5014899590 0 0 0
5014899603 0 0 0
5014899616 0 0 0
5014899629 0 0 0
5014899642 0 0 0
5014899655 0 0 0
5014899668 0 0 0
5014899681 0 0 0
5014899694 0 0 0
5014899707 0 0 0
5014899720 0 0 0
5014899733 0 0 0
5014899746 0 0 0
5014899759 0 0 0
5014899772 0 0 0
5014899785 0 0 0
5014899798 0 0 0
5014899811 0 0 0
5014899824 481 0 7
5014899837 0 0 0
5014899850 0 0 0
5014899863 0 0 0
5014899876 0 0 0
5014899889 0 0 0
5014899902 0 0 0
5014899915 0 0 0
5014899928 0 0 0
5014899941 0 0 0
5014899954 0 0 0
5014899967 0 0 0
5014899980 0 0 0
5014899993 0 0 0
5014900006 0 0 0
5014900019 0 0 0
5014900032 0 0 0
5014900045 0 0 0
5014900058 0 0 0
5014900071 398 0 0
5014900084 0 0 0
5014900097 0 0 0
5014900110 0 0 0
5014900123 0 0 0
5014900136 0 0 0
5014900149 0 0 0
5014900162 0 0 0
5014900175 0 0 0
5014900188 0 0 0
5014900201 0 0 0
5014900214 0 0 0
5014900227 0 0 0
5014900240 0 0 0
5014900253 0 0 0
5014900266 0 0 0
5014900279 0 0 0
5014900292 0 0 0
5014900305 0 0 0
5014900318 347 0 7
5014900331 0 0 0
5014900344 0 0 0
5014900357 0 0 0
5014900370 0 0 0
5014900383 0 0 0
5014900396 0 0 0
5014900409 0 0 0
5014900422 0 0 0
5014900435 0 0 0
5014900448 0 0 0
5014900461 0 0 0
5014900474 0 0 0
5014900487 0 0 0
5014900500 0 0 0
5014900513 0 0 0
5014900526 0 0 0
5014900539 0 0 0
5014900552 0 0 0
5014900565 0 0 0
5014900578 249 0 7
5014900591 0 0 0
5014900604 0 0 0
5014900617 0 0 0
5014900630 0 0 0
5014900643 0 0 0
5014900656 0 0 0
5014900669 0 0 0
5014900682 0 0 0
5014900695 0 0 0
5014900708 0 0 0
5014900721 0 0 0
5014900734 0 0 0
5014900747 0 0 0
5014900760 0 0 0
5014900773 0 0 0
5014900786 0 0 0
5014900799 0 0 0
5014900812 0 0 0
5014900825 237 0 0
5014900838 0 0 0
5014900851 0 0 0
5014900864 0 0 0
5014900877 0 0 0
5014900890 0 0 0
5014900903 0 0 0
5014900916 0 0 0
5014900929 0 0 0
5014900942 0 0 0
5014900955 0 0 0
5014900968 0 0 0
5014900981 0 0 0
5014900994 0 0 0
5014901007 0 0 0
5014901020 0 0 0
5014901033 0 0 0
5014901046 0 0 0
5014901059 0 0 0
5014901072 0 0 30
read 387 profiled data
